235 16 213 109 41 96 194 172 170 126 19 63 181 161 158 31 97 57 42 162 197 60 0 80 181 213 15 144 216 235 152 254 251 149 221 161 187 210 155 184 77 167 75 163 102 49 251 115 162 153 
198 168 53 121 111 11 247 101 65 147 79 225 23 141 28 136 29 246 50 15 16 44 175 214 5 250 150 124 2 240 237 154 34 204 30 207 70 223 209 48 75 186 76 200 7 133 74 69 202 35 
48 233 172 121 35 77 138 48 202 235 95 223 84 106 182 10 27 177 55 149 56 95 241 143 6 247 96 11 211 80 81 208 235 109 199 166 72 47 15 44 15 241 247 160 178 11 98 194 38 221 
80 43 151 29 95 51 101 177 225 255 214 77 172 244 110 206 190 213 135 254 128 28 213 113 38 76 126 122 73 17 129 194 241 63 251 105 217 158 70 80 228 186 227 253 22 67 98 112 182 207 
139 156 78 53 59 128 144 139 113 106 140 132 162 63 76 70 207 82 73 33 223 215 87 196 25 87 155 189 1 74 56 16 80 59 228 60 248 31 248 150 125 23 215 15 87 9 202 22 175 116 
1 222 23 119 68 37 239 189 38 82 158 112 113 99 83 63 228 107 165 248 55 63 207 176 51 155 15 146 178 181 58 12 241 157 1 109 234 80 232 145 48 103 41 204 139 187 131 1 81 87 
17 179 175 116 98 235 85 20 244 150 216 37 18 38 96 194 33 87 88 6 210 77 12 255 216 234 205 51 166 222 97 166 155 180 177 178 187 113 135 164 81 5 159 127 75 221 206 135 175 21 
74 114 139 30 153 219 162 194 72 52 192 38 226 84 102 14 99 142 20 105 51 103 43 51 235 40 44 179 7 7 9 137 192 229 216 113 16 186 79 119 13 132 58 121 40 249 17 50 214 161 
102 245 208 169 34 198 99 149 218 219 40 62 85 97 146 49 62 142 245 110 11 1 184 41 74 105 88 155 81 203 194 225 82 235 10 219 65 158 112 249 174 147 217 36 88 58 164 98 232 115 
141 94 61 101 42 249 227 57 203 26 169 143 148 178 113 29 195 60 140 194 121 162 139 8 178 11 211 230 2 138 151 215 171 50 252 229 31 0 129 57 194 107 116 164 102 48 85 208 220 10 
85 206 185 108 162 208 146 10 116 215 219 113 169 96 150 39 175 113 210 99 92 132 30 84 165 195 83 218 241 155 58 223 78 244 94 236 204 52 131 145 39 100 94 52 57 92 14 167 73 17 
33 115 61 187 61 148 168 89 246 115 146 3 180 42 139 49 153 223 23 210 236 212 169 40 70 182 85 24 88 254 29 145 69 131 160 237 106 240 170 158 213 117 214 76 72 199 133 149 67 30 
18 29 103 140 1 195 242 220 238 11 252 13 61 138 185 159 210 142 2 146 179 207 131 182 64 19 224 213 47 6 121 85 4 29 24 243 166 66 220 178 168 159 30 194 229 179 71 161 23 206 
122 210 133 216 208 176 167 250 178 46 227 112 228 181 173 103 136 2 33 34 45 10 16 240 10 201 190 208 246 62 85 163 148 4 124 221 157 114 14 225 115 31 84 230 217 246 226 185 9 69 
132 99 244 69 190 18 28 228 7 23 198 44 235 119 132 151 220 37 188 16 106 250 14 51 168 201 14 86 57 33 18 116 33 216 95 24 24 123 141 34 33 222 12 217 53 36 70 118 254 135 
62 209 72 59 20 164 20 187 125 72 37 200 107 3 78 143 215 190 193 114 176 94 99 66 51 89 67 254 105 55 190 15 209 26 26 137 25 190 238 235 82 25 61 17 163 107 222 92 37 160 
163 2 69 244 110 165 33 233 133 159 214 228 183 206 179 226 105 141 31 237 12 26 255 175 142 146 171 238 199 109 30 5 117 119 110 36 85 117 137 212 84 12 149 42 109 139 67 108 95 112 
157 107 154 28 132 10 161 196 18 124 49 230 9 34 141 60 181 148 120 203 96 81 10 139 78 237 180 175 120 171 15 121 5 210 1 125 217 191 56 158 79 45 61 143 89 43 199 32 180 97 
54 9 25 37 63 202 88 172 48 13 70 238 70 241 54 171 182 148 50 162 179 220 237 181 84 233 221 110 79 201 147 194 217 44 24 85 207 31 157 136 164 84 10 40 205 91 154 24 213 88 
139 120 222 182 80 248 19 125 125 196 223 141 204 246 77 66 77 115 206 62 9 102 108 130 138 86 127 52 82 25 79 173 75 49 111 44 18 129 101 159 23 135 58 61 143 42 125 199 200 100 
216 40 32 48 29 23 40 82 189 39 239 160 104 143 184 213 149 153 89 57 140 206 225 112 100 223 17 141 143 117 107 112 255 118 210 134 235 252 111 149 60 143 197 219 15 91 4 220 186 125 
7 41 40 70 4 110 18 98 113 197 49 166 254 181 93 239 237 18 12 2 47 160 75 155 96 187 104 107 36 90 141 56 215 93 26 18 18 176 31 79 130 179 143 106 75 72 233 68 118 15 
152 184 23 222 221 6 28 128 66 86 230 15 153 218 162 150 237 86 152 29 104 199 20 214 78 158 56 115 221 138 255 204 195 58 224 206 72 241 41 96 86 212 41 116 199 240 84 172 225 63 
212 96 168 83 251 164 117 37 82 250 116 98 128 32 254 49 208 124 85 29 74 38 85 118 159 247 187 94 72 34 175 14 105 201 176 54 154 225 203 153 107 158 80 202 123 4 116 192 152 171 
108 65 157 205 124 249 162 171 206 192 141 201 69 164 221 30 174 112 127 37 153 28 212 190 232 178 195 52 235 254 185 236 99 199 233 131 179 104 119 1 179 24 61 107 38 30 130 246 54 40 
132 146 103 71 98 83 248 144 136 200 152 68 40 53 161 125 51 10 177 124 105 83 42 140 196 228 215 39 253 94 27 134 150 52 179 128 225 144 231 28 31 199 3 178 28 146 12 211 115 0 
143 201 253 122 245 123 13 232 16 107 159 82 85 117 155 71 120 194 189 144 180 61 88 160 3 250 183 246 247 145 111 176 118 154 116 185 37 8 165 242 73 252 217 255 46 194 194 17 179 92 
97 184 42 188 226 147 94 26 172 49 111 229 171 232 221 150 202 17 38 30 79 33 255 139 223 70 8 212 62 253 49 178 14 154 0 100 112 248 158 201 218 48 26 149 106 47 205 2 225 10 
214 172 72 88 27 196 146 72 101 29 241 250 80 13 237 238 0 41 255 40 107 196 194 201 169 131 113 93 110 219 40 103 153 176 198 227 240 106 237 98 91 234 147 46 128 99 115 7 83 229 
251 208 101 220 122 5 150 120 255 145 191 130 81 102 113 208 220 206 143 8 81 250 224 173 16 193 63 219 80 160 175 226 6 38 150 167 32 222 94 196 50 130 235 203 31 42 15 78 66 67 
135 165 115 180 45 255 90 43 218 88 239 215 220 133 222 11 255 137 249 176 187 124 34 52 9 125 68 212 122 130 209 144 112 107 247 57 56 106 251 121 22 45 142 163 249 173 192 71 140 125 
229 71 54 141 22 120 214 119 157 152 58 95 52 145 255 11 238 68 85 177 169 43 6 153 248 23 61 151 29 31 56 176 77 50 40 190 157 228 158 44 204 112 110 134 162 108 147 176 107 151 
228 17 76 77 95 212 60 152 78 4 145 59 221 114 50 116 52 103 217 60 255 172 44 181 85 97 248 164 49 180 252 109 231 69 49 28 177 185 124 87 44 152 84 92 254 155 243 0 117 172 
79 24 153 226 0 251 211 81 209 77 77 4 232 176 26 76 155 90 202 9 69 153 196 120 217 176 146 13 165 228 27 162 45 101 209 68 181 240 171 163 168 213 127 198 6 15 159 142 113 233 
239 215 208 85 244 195 184 241 253 7 7 151 153 165 23 50 11 205 25 201 94 119 142 81 196 173 154 127 147 231 247 228 62 122 59 29 85 199 91 31 174 175 254 213 51 71 190 56 64 14 
1 18 55 114 89 196 118 147 100 114 135 6 63 34 200 135 216 183 2 242 24 82 196 218 244 104 116 95 150 70 198 7 53 225 3 3 235 99 180 164 51 120 85 19 62 159 208 226 184 131 
21 220 104 59 78 106 206 88 156 54 74 36 105 189 170 56 96 179 68 44 33 133 144 24 98 162 247 64 122 213 31 222 219 95 171 47 70 98 213 137 171 146 159 88 252 21 251 74 66 61 
36 61 168 22 21 239 53 68 60 208 33 225 172 9 64 249 236 148 97 53 207 159 150 94 231 199 91 152 239 63 166 219 140 65 191 241 117 80 9 182 151 171 23 160 123 40 48 243 16 153 
247 64 138 229 142 83 110 179 107 83 44 118 171 10 31 30 63 65 56 36 194 106 173 85 99 192 174 147 70 205 151 178 47 135 128 190 40 56 42 136 14 242 25 248 120 222 144 148 174 46 
12 169 232 48 18 212 129 207 167 93 56 155 139 74 5 174 228 9 115 22 191 0 39 110 219 43 23 238 13 180 139 105 111 176 241 117 157 193 186 65 165 51 247 184 37 167 210 205 74 80 
182 220 243 200 120 165 48 149 248 131 167 45 19 55 89 150 128 234 157 173 37 1 165 53 163 237 34 68 212 125 160 239 169 159 144 137 170 82 184 33 221 154 40 164 174 139 191 175 49 197 
139 235 78 53 68 236 91 229 116 216 194 181 234 65 10 168 110 205 243 253 40 58 5 96 142 94 8 145 174 119 76 22 33 186 13 203 162 156 225 0 166 182 0 49 196 9 218 93 143 195 
96 105 82 49 48 215 22 18 53 205 93 15 197 92 35 22 2 156 253 167 162 162 91 195 102 194 51 100 248 152 126 95 25 87 119 100 125 103 192 101 122 78 72 204 193 32 77 70 235 169 
149 232 140 18 200 112 152 95 5 213 211 175 56 28 49 244 110 206 204 136 143 106 159 147 62 189 148 185 139 67 162 36 13 104 144 109 56 83 179 69 49 1 42 91 129 106 43 161 95 89 
6 229 112 233 41 104 127 146 114 32 236 37 233 94 58 19 117 176 210 60 1 240 207 251 101 59 91 106 226 243 40 137 225 127 159 202 48 184 1 240 120 80 228 133 246 239 70 219 184 154 
59 138 227 71 194 238 108 219 22 43 224 237 65 74 36 187 56 15 54 68 240 144 197 57 88 209 184 218 162 81 133 144 97 14 234 59 217 16 91 126 159 28 91 254 151 155 2 163 60 19 
200 97 153 179 254 16 230 56 107 80 98 6 121 74 21 200 85 214 192 83 61 78 124 137 201 94 71 98 102 145 4 77 156 201 5 150 149 13 199 18 232 130 219 57 70 124 12 95 160 130 
116 134 26 153 160 35 92 19 72 143 18 126 56 138 239 210 210 122 69 165 84 91 159 140 196 201 174 148 105 34 250 86 78 170 169 108 19 221 73 73 22 27 138 47 120 48 116 182 239 219 
27 175 207 37 138 250 9 70 213 91 251 175 98 42 102 124 11 74 254 2 151 116 47 108 19 93 242 131 217 203 201 178 109 129 223 157 27 123 207 113 49 9 29 87 155 123 108 83 121 101 
59 207 128 101 99 164 22 185 13 254 72 183 51 185 82 209 136 192 211 117 103 63 136 235 50 162 133 176 175 45 146 46 117 81 126 132 174 0 246 53 140 176 93 52 210 31 20 222 236 215 
94 29 6 136 21 211 203 2 202 179 31 198 44 166 254 147 20 116 94 91 160 192 135 151 142 119 36 22 220 62 11 148 234 166 228 173 69 151 30 74 143 205 193 182 142 20 64 120 166 1 
79 220 189 46 34 139 21 9 125 114 214 234 176 6 100 87 3 137 180 244 53 1 251 193 147 161 55 138 110 97 189 14 8 215 109 203 151 144 8 63 61 166 223 222 6 226 177 240 119 23 
36 193 121 122 59 12 150 117 29 152 186 215 232 73 178 153 221 198 178 160 21 200 106 90 152 91 148 79 166 243 137 255 46 239 22 61 142 200 32 17 63 156 50 120 227 11 11 33 70 239 
83 215 97 130 73 197 228 243 69 161 28 189 124 162 200 93 30 54 44 0 127 66 205 53 138 176 193 112 243 183 86 211 184 106 148 163 247 11 141 199 79 117 49 137 47 234 157 12 73 67 
220 237 37 249 107 152 176 16 195 184 16 6 15 8 187 95 27 166 61 221 191 100 180 156 196 63 21 146 252 52 196 116 249 189 143 77 58 126 176 203 82 117 254 62 217 222 13 37 241 80 
57 189 147 51 183 220 11 205 180 253 249 216 102 204 39 169 178 254 102 2 65 61 1 9 113 182 161 254 75 29 86 10 138 22 99 177 89 102 99 125 24 86 76 7 163 237 50 30 27 55 
8 26 13 115 150 198 239 250 139 217 127 97 12 126 13 41 78 14 95 39 15 68 39 57 88 38 209 13 128 205 34 42 181 70 106 162 80 24 230 101 181 66 145 5 92 16 33 116 184 29 
20 158 42 81 216 34 115 210 206 120 91 24 143 61 252 177 44 154 224 173 174 137 192 79 27 65 228 225 189 102 104 10 100 236 132 127 50 23 53 127 228 73 17 209 245 183 197 194 75 27 
208 141 209 13 27 102 202 42 47 52 129 122 227 29 183 189 217 207 238 81 252 253 65 210 75 10 33 61 31 149 204 95 187 247 170 21 183 50 166 114 8 186 105 47 131 117 28 198 185 110 
71 190 231 171 25 180 93 115 249 164 3 192 236 79 67 213 36 6 56 60 207 26 206 180 44 32 85 107 54 34 235 84 90 13 116 86 50 175 18 8 88 167 106 136 234 54 229 199 40 131 
236 135 52 52 35 50 34 219 166 161 2 74 145 148 43 15 55 156 123 33 101 118 84 163 253 103 60 198 235 95 200 15 219 157 249 210 76 52 51 241 26 184 118 216 106 29 145 89 177 150 
138 226 159 154 68 206 129 231 93 200 88 121 137 170 38 94 253 23 97 83 57 190 59 57 106 19 134 14 163 247 239 203 134 28 250 56 184 108 239 178 235 227 163 217 175 132 126 29 228 40 
90 128 55 75 36 161 197 112 68 109 159 33 60 184 63 158 135 65 29 38 97 74 84 43 75 136 119 35 198 201 207 169 172 189 203 148 64 196 180 121 61 234 100 175 175 90 132 54 65 62 
127 124 119 188 246 114 47 59 19 189 54 160 78 143 156 82 108 203 32 159 109 207 183 175 228 253 249 240 187 156 251 239 143 227 12 242 211 130 235 136 56 124 171 96 52 14 164 221 139 169 
53 61 115 83 57 61 172 255 219 179 162 236 164 118 36 80 244 34 172 17 11 178 117 81 12 187 74 29 135 125 78 168 234 142 79 254 218 189 0 54 247 80 34 107 179 255 226 126 151 212 
241 113 1 77 121 74 92 107 146 1 27 47 87 142 216 205 128 32 202 63 153 99 159 250 30 111 2 129 151 137 204 3 252 18 218 181 48 111 248 202 71 186 70 66 206 155 163 201 97 159 
54 53 202 230 113 244 36 172 189 72 180 135 248 133 242 63 201 238 41 144 158 5 69 49 243 110 206 166 226 125 44 49 104 246 140 22 66 118 15 186 234 100 125 1 238 160 226 162 120 128 
210 208 234 164 65 29 198 22 153 114 170 176 63 68 153 4 172 131 12 49 242 21 151 140 82 72 192 242 2 158 86 117 84 74 94 147 62 24 33 36 205 47 220 244 119 11 245 58 30 218 
173 119 98 174 98 199 230 218 163 229 61 55 64 214 191 2 47 225 188 221 215 107 9 186 0 226 202 212 79 30 79 92 62 170 78 192 254 190 79 112 213 122 150 67 132 249 64 76 77 186 
16 136 114 2 139 104 98 246 214 48 13 27 167 40 210 67 225 178 175 125 108 71 84 116 39 143 106 182 96 65 242 208 139 201 78 116 243 160 215 211 139 46 99 190 217 187 85 57 68 175 
164 108 103 239 126 93 164 44 4 190 152 26 45 60 42 75 146 95 206 68 62 236 14 11 40 180 57 226 39 194 100 40 210 235 6 255 39 187 221 96 198 149 152 183 52 166 39 45 137 33 
16 119 98 148 93 69 168 31 137 44 6 64 86 12 191 224 212 156 195 165 40 110 110 103 102 173 58 44 49 21 230 21 86 101 227 218 246 142 28 36 254 98 81 183 152 186 24 130 142 96 
164 170 245 124 205 40 116 166 244 201 3 242 198 124 141 143 90 180 131 37 165 42 233 246 69 14 66 20 175 186 52 241 165 160 129 210 246 137 87 184 52 247 193 19 183 175 248 88 244 103 
201 177 179 149 243 224 98 51 191 103 254 11 233 8 76 91 26 37 66 31 41 135 216 156 19 176 138 142 69 93 57 203 140 141 132 221 136 218 227 2 136 164 215 90 195 104 228 35 195 225 
148 181 128 91 169 126 234 57 75 70 183 160 71 32 242 97 122 175 23 42 117 232 100 146 221 182 110 192 86 155 245 116 5 176 235 250 120 10 78 150 229 181 68 149 133 141 119 107 63 44 
166 161 214 137 33 119 37 3 21 37 248 254 199 148 7 240 166 7 248 23 139 61 239 115 229 144 38 62 228 50 140 242 111 252 79 82 127 119 11 132 146 111 39 163 9 229 18 14 234 21 
216 85 244 185 29 185 187 183 253 252 87 250 122 26 77 58 64 195 243 75 192 184 56 247 163 186 9 161 33 52 153 122 202 209 84 94 232 98 211 46 177 204 182 214 110 114 51 165 74 19 
92 238 176 83 123 61 181 184 60 158 62 210 38 0 212 128 220 116 167 247 237 215 216 222 60 110 68 148 187 72 99 208 51 27 52 24 248 218 85 195 157 44 92 86 39 80 233 139 117 0 
98 235 186 192 18 27 70 136 51 204 126 166 77 237 177 238 107 151 194 142 25 172 120 142 170 83 95 121 21 23 102 123 34 162 8 224 142 226 233 131 196 162 88 197 75 191 35 139 8 51 
22 10 17 31 72 13 237 215 188 13 124 15 41 193 212 133 130 129 140 116 200 66 36 158 82 37 169 74 30 255 242 94 17 173 179 88 221 89 16 164 215 172 38 145 153 200 27 178 158 10 
184 9 147 176 220 66 235 107 37 153 117 13 59 215 36 49 226 38 87 55 103 79 59 208 8 229 241 160 147 14 109 36 155 104 231 230 52 122 197 180 27 196 93 253 36 32 227 182 130 35 
150 170 201 178 155 104 48 251 227 166 144 230 8 51 137 181 236 202 26 40 236 233 22 153 59 34 96 19 223 177 218 126 47 36 162 135 63 192 207 166 164 149 75 70 173 25 168 65 166 200 
249 175 166 58 98 6 57 76 7 189 217 34 15 5 202 149 52 91 121 252 80 92 164 72 223 228 16 65 103 215 239 33 210 66 41 187 173 67 6 149 179 139 203 244 248 190 97 178 8 102 
49 248 190 55 180 238 157 229 108 80 150 152 70 182 28 211 66 164 214 134 73 152 189 20 66 207 179 252 231 36 69 204 222 215 45 129 105 103 232 68 157 142 8 148 193 206 41 41 96 220 
27 164 219 53 233 151 162 159 230 203 98 165 215 238 178 145 86 18 241 177 12 65 137 247 146 15 36 155 29 9 54 111 77 73 137 152 57 231 13 174 54 60 129 39 246 217 49 191 6 107 
47 35 99 94 106 148 232 79 44 242 37 179 126 66 32 141 6 126 130 197 82 113 237 172 193 54 51 171 219 89 189 203 241 133 253 9 77 49 104 125 67 98 184 219 243 43 152 54 98 114 
60 199 3 137 39 149 28 39 184 126 65 196 185 70 51 19 25 80 131 134 239 13 107 47 187 63 245 239 8 54 185 242 100 213 239 50 27 122 233 57 223 70 5 127 109 34 137 35 65 216 
188 199 97 70 27 145 128 69 73 149 208 10 61 233 54 213 77 27 24 179 16 204 231 187 160 135 14 38 74 227 13 221 130 63 227 159 249 252 91 225 13 139 169 44 13 113 66 154 156 136 
37 24 230 17 69 98 36 120 177 155 115 218 175 199 238 99 10 83 47 252 77 202 197 120 108 113 78 151 71 118 133 10 86 211 20 209 82 202 177 229 137 234 100 219 237 181 125 149 16 53 
216 248 244 129 103 107 28 190 40 71 129 35 104 169 193 97 240 118 213 64 26 103 66 156 236 255 106 179 251 91 232 46 17 233 166 145 250 223 220 35 241 0 85 246 205 44 10 94 255 87 
236 77 116 36 79 18 89 94 106 229 92 229 76 211 66 28 83 203 85 83 187 49 166 118 82 91 169 90 59 7 217 190 253 239 255 36 249 58 203 209 51 129 115 166 76 199 162 40 247 211 
125 3 132 50 40 178 49 114 162 53 191 104 139 138 6 221 102 70 36 202 57 131 166 102 52 10 0 219 32 43 21 96 200 139 175 65 147 254 79 40 146 29 50 185 141 46 214 217 177 84 
82 195 154 212 230 88 96 19 150 163 197 47 170 116 109 104 64 117 253 49 69 57 123 84 85 36 6 126 11 65 125 63 90 81 195 185 181 132 92 52 244 251 130 146 127 77 197 196 104 9 
108 158 117 15 102 182 22 77 101 138 253 115 119 156 92 114 181 68 240 121 60 216 3 106 248 102 234 232 111 123 105 50 12 82 37 177 89 199 237 178 73 206 165 156 36 39 69 220 205 217 
113 178 100 54 33 5 196 194 128 66 41 89 189 104 252 113 160 115 46 216 12 66 167 239 175 88 165 112 195 129 155 62 16 163 126 224 131 31 202 238 5 24 79 178 183 69 192 217 153 18 
247 101 168 249 83 233 194 228 103 201 87 128 4 55 203 228 193 38 41 209 27 196 157 73 199 143 73 220 79 179 74 235 136 184 45 27 198 220 39 59 87 3 96 215 136 147 39 199 107 97 
70 214 187 33 175 122 254 110 197 190 78 93 212 252 152 134 151 69 225 10 193 215 45 66 123 209 1 115 210 74 189 169 234 115 152 159 107 243 80 55 237 123 160 214 56 239 79 228 59 108 
92 2 123 25 196 20 184 252 85 227 212 138 241 50 227 104 93 136 241 126 255 219 212 186 64 25 63 163 28 94 16 173 217 217 73 134 63 96 246 149 114 138 55 231 208 4 14 75 92 249 
173 137 124 254 208 232 80 176 225 90 32 164 147 167 183 205 219 34 161 57 230 59 17 11 152 25 51 1 83 56 7 43 215 65 93 177 132 0 143 134 72 97 194 40 21 110 120 21 158 82 
154 80 160 114 252 0 173 93 181 42 250 169 115 205 74 193 120 132 209 45 80 219 196 92 244 38 159 29 3 207 203 18 192 25 28 48 248 55 87 106 192 42 182 55 187 231 210 88 40 191 
207 43 162 40 237 115 206 118 226 157 153 170 207 141 144 22 163 139 26 195 8 252 66 203 85 245 255 155 155 32 247 233 199 164 183 162 87 232 179 157 141 144 79 178 217 67 179 95 17 110 
219 22 138 45 8 138 253 179 28 62 247 194 213 221 123 220 232 242 64 45 213 131 171 166 193 110 243 85 172 147 83 250 79 156 125 204 105 135 188 120 245 81 3 99 126 31 138 53 250 234 
17 125 79 60 214 181 238 132 122 148 51 205 117 17 244 204 215 241 186 254 119 64 89 110 226 204 137 210 122 134 148 251 76 150 234 243 152 171 205 9 31 156 180 61 40 205 94 144 40 0 
190 95 84 42 214 227 58 225 226 65 20 221 19 43 7 216 69 213 154 161 93 132 187 88 219 154 211 32 73 251 223 137 62 17 52 143 245 44 142 242 74 226 95 219 157 85 230 133 22 42 
53 146 189 56 0 234 125 84 253 180 193 143 111 114 249 119 94 42 93 135 84 167 120 10 132 139 16 95 76 16 71 91 213 120 72 190 28 137 213 56 90 198 225 122 55 38 123 96 119 39 
83 28 99 29 167 209 28 190 206 65 148 181 21 30 160 55 16 125 42 99 3 151 224 19 95 239 158 188 61 133 85 13 187 73 246 110 214 23 51 94 49 0 95 32 85 156 197 202 104 135 
170 32 201 196 54 103 239 102 231 31 40 87 151 241 7 30 225 52 66 39 103 160 180 250 81 65 167 37 105 127 239 37 232 25 120 36 237 88 58 90 153 106 76 110 154 253 98 63 130 185 
105 142 195 127 31 88 66 237 39 231 204 190 234 196 85 160 188 225 65 176 116 165 187 43 140 224 193 2 78 23 187 178 3 229 102 61 135 58 63 164 92 27 214 127 78 88 201 31 246 195 
197 120 93 167 24 60 148 123 95 119 63 202 124 145 138 59 249 209 84 137 18 123 109 28 178 90 90 255 133 3 135 165 70 157 78 195 173 88 115 227 100 68 212 132 196 254 237 104 85 240 
71 223 183 227 45 52 162 166 84 26 177 120 144 144 182 24 210 196 29 228 152 170 240 41 46 47 28 197 89 198 40 202 253 65 207 172 253 137 122 252 70 103 135 248 118 76 83 42 49 139 
206 124 124 245 207 110 152 87 82 81 41 128 126 160 193 23 92 125 210 85 244 97 230 104 196 12 60 209 146 167 172 141 115 174 186 198 211 147 120 195 136 73 118 227 133 152 30 33 37 205 
243 132 157 72 250 45 98 116 56 251 34 69 33 29 56 241 228 114 40 213 71 23 177 224 237 117 253 62 146 175 170 180 189 139 223 67 109 202 73 117 73 75 186 134 88 23 125 201 106 134 
27 88 108 132 135 180 53 227 100 50 254 157 186 88 146 71 28 242 238 56 223 24 214 14 228 164 47 143 177 163 69 91 234 118 93 247 107 205 137 88 129 22 25 171 33 110 4 152 176 105 
222 228 46 79 54 101 96 153 22 73 7 174 172 222 228 130 9 169 146 154 122 191 39 28 36 69 112 206 154 229 209 110 47 248 234 14 169 113 94 16 4 251 189 189 96 19 153 212 132 180 
209 252 194 25 241 241 194 21 55 45 72 47 178 90 27 153 141 92 63 129 101 139 228 154 178 248 202 40 253 94 133 244 45 90 113 227 167 115 79 142 34 120 95 225 92 210 23 180 44 174 
232 166 195 155 102 90 138 14 12 137 182 240 62 5 109 72 106 72 146 161 169 90 250 166 15 105 247 55 30 75 250 222 27 247 56 185 57 181 167 243 156 206 182 49 101 160 17 74 229 248 
25 91 197 100 36 228 174 81 251 108 99 241 24 52 72 21 202 130 252 218 201 60 243 62 35 246 79 56 207 117 75 254 193 137 64 134 138 56 212 38 165 145 212 58 105 40 130 14 132 1 
19 137 79 152 97 64 164 57 116 182 47 248 74 46 244 189 73 125 253 106 161 98 148 157 21 29 147 179 19 60 87 193 119 150 152 21 6 240 131 42 110 69 39 90 224 167 97 83 126 34 
205 111 189 243 231 214 6 184 136 175 239 215 120 48 228 88 21 113 66 179 19 165 100 208 84 136 150 215 210 47 132 76 39 228 184 101 166 212 140 155 33 43 64 219 254 141 213 244 26 227 
2 64 243 190 210 111 251 185 20 218 155 183 64 224 27 153 105 165 234 44 72 15 158 2 64 24 87 207 234 251 253 95 222 145 147 67 116 134 156 96 217 97 28 42 152 200 145 135 96 71 
2 179 72 12 70 84 230 147 51 181 120 135 233 160 79 182 172 214 193 171 233 103 108 248 138 202 158 57 167 248 195 79 220 18 70 133 199 17 9 91 40 172 128 106 198 198 81 56 179 19 
33 128 27 238 18 198 154 157 81 100 146 164 215 212 28 93 43 244 114 241 138 113 230 234 13 190 98 139 100 24 221 155 11 213 233 125 43 168 29 199 179 57 108 95 152 66 167 46 22 33 
237 55 131 30 75 11 35 76 149 46 207 55 155 4 158 106 158 175 9 145 192 117 110 238 195 234 11 132 112 209 43 53 72 154 12 51 39 129 221 132 55 50 71 165 211 2 207 126 113 186 
0 53 53 26 222 100 120 24 155 23 235 34 239 32 89 211 169 121 193 123 223 207 10 193 71 181 214 195 39 125 138 55 123 175 143 182 126 99 237 247 67 113 48 164 158 232 28 62 31 89 
121 250 110 191 6 166 234 164 169 226 225 117 219 114 177 136 199 171 210 191 229 63 153 79 248 227 225 100 117 184 194 97 234 19 218 25 147 125 112 34 70 111 112 114 64 108 166 252 141 254 
232 245 171 232 156 36 232 86 118 68 136 10 178 122 233 97 253 125 147 250 169 114 36 200 242 7 47 104 37 19 78 97 194 204 76 103 156 202 200 135 1 205 184 144 119 55 36 155 223 106 
236 196 141 131 246 249 224 155 207 146 67 34 116 138 218 74 118 139 49 65 161 113 154 44 237 165 176 224 236 40 74 61 139 241 201 70 145 83 131 151 27 172 73 191 82 8 94 142 177 127 
209 226 90 240 40 133 141 136 238 227 15 109 226 52 59 28 15 80 206 251 132 234 12 58 138 28 33 145 87 159 102 29 122 41 144 116 223 127 52 223 90 49 164 7 71 6 101 102 143 114 
112 231 68 53 237 131 224 91 244 122 171 59 28 221 129 173 231 201 1 132 207 193 171 158 32 57 93 136 153 117 179 190 191 95 221 84 86 198 211 178 241 124 250 71 217 194 158 204 126 170 
232 209 0 99 20 145 235 89 143 123 244 169 170 173 229 168 217 153 202 93 73 176 184 6 56 151 6 167 36 16 242 209 2 16 251 173 215 77 81 217 253 203 130 214 224 109 206 178 7 110 
64 113 127 164 143 121 101 94 145 239 228 167 190 26 106 158 223 51 232 55 97 84 30 86 46 15 166 90 225 176 190 128 15 105 19 202 193 105 213 42 84 123 97 98 85 34 150 229 224 105 
140 223 33 240 76 164 165 242 25 236 230 246 224 223 151 63 67 26 228 125 24 146 193 24 103 29 250 121 29 143 234 134 129 94 25 132 109 56 132 27 167 89 246 212 203 81 226 222 135 185 
56 138 193 173 63 54 44 178 118 125 200 138 80 187 204 45 68 115 176 247 173 207 84 65 144 168 246 214 79 22 253 1 58 89 75 69 116 80 241 63 29 94 217 159 169 77 118 124 238 98 
209 132 194 47 218 197 86 36 79 202 196 51 84 126 51 157 254 8 54 60 2 133 217 240 34 81 111 202 247 28 46 57 250 249 129 33 35 28 6 77 49 45 38 95 201 159 27 125 149 21 
164 79 169 223 10 103 211 227 150 116 94 117 140 128 25 0 189 192 221 198 204 81 76 166 37 20 213 218 252 136 179 149 35 62 8 61 21 7 9 76 132 131 37 65 126 109 99 80 23 198 
229 76 13 158 248 215 176 43 219 43 36 110 232 181 5 131 78 114 136 168 222 129 49 173 82 59 227 151 26 115 167 239 154 54 6 182 156 52 108 92 239 175 64 45 38 213 196 253 177 151 
135 30 18 150 84 124 117 99 156 185 222 125 168 105 211 211 24 231 51 198 1 9 162 144 122 129 43 220 22 203 55 92 183 103 178 15 28 144 43 130 245 163 228 225 194 82 252 244 40 157 
158 43 144 95 250 110 222 90 164 11 179 167 251 117 253 99 129 101 107 51 53 135 117 238 184 145 95 88 28 192 93 141 70 174 32 101 139 245 215 142 85 170 24 35 146 207 162 92 55 218 
206 164 235 109 8 212 136 12 233 243 12 182 219 248 43 122 6 217 196 131 44 218 173 77 199 184 168 249 24 204 78 237 229 249 88 163 90 120 224 170 189 152 149 174 25 185 210 84 183 191 
178 44 225 144 85 162 228 37 23 22 11 10 123 223 214 31 39 59 129 161 138 146 18 0 96 144 198 234 12 114 220 77 72 58 59 66 123 230 112 252 244 238 30 165 154 187 92 36 181 3 
141 19 7 50 79 19 83 120 188 38 1 51 198 204 162 163 127 0 93 190 147 63 98 85 9 82 82 25 222 16 77 228 150 162 36 61 152 22 127 40 32 78 96 64 208 110 193 12 169 251 
71 114 117 175 196 60 173 144 96 252 183 143 185 112 142 172 5 98 146 36 162 64 43 172 141 95 236 164 86 121 171 77 247 144 198 26 40 229 236 76 171 175 2 156 251 73 4 233 176 20 
181 60 96 41 109 252 54 75 23 39 122 148 161 175 162 120 124 13 29 65 162 176 163 23 12 88 122 55 186 201 9 212 118 145 198 0 97 204 108 33 234 145 147 29 137 173 216 11 94 224 
110 250 56 183 112 34 179 168 130 207 77 18 181 5 209 209 240 104 241 60 32 149 134 42 31 100 49 151 45 43 144 200 74 176 132 117 141 82 197 250 136 102 93 219 225 185 45 63 23 56 
170 210 95 39 246 52 30 234 249 154 36 227 66 37 216 46 178 243 153 46 67 171 87 55 31 137 14 71 195 14 162 62 245 120 174 221 92 166 46 194 114 213 107 231 126 127 249 176 225 99 
125 171 126 220 190 186 181 79 94 15 189 234 183 213 196 186 103 39 209 178 14 136 233 204 105 86 84 70 43 220 189 55 16 68 237 161 233 101 251 240 39 31 192 53 15 30 160 78 18 255 
32 92 160 228 199 172 76 227 167 17 209 176 212 81 104 14 158 112 27 202 215 48 198 251 112 235 98 159 0 80 60 6 37 161 61 10 49 78 21 9 92 63 234 6 142 229 103 185 222 148 
192 194 179 206 151 63 212 32 66 183 98 227 230 160 202 212 19 209 131 237 76 135 151 67 155 46 180 126 104 2 115 69 191 159 245 18 201 126 195 130 192 208 185 221 104 253 246 113 173 206 
104 184 41 199 128 210 241 32 36 225 253 77 198 111 53 252 208 183 105 113 20 199 184 81 32 83 132 41 72 126 54 199 174 20 204 132 208 188 245 34 49 61 190 77 9 69 219 27 52 187 
254 210 5 156 24 90 174 1 182 143 108 200 166 231 1 72 62 45 187 116 38 125 143 174 22 66 15 3 19 27 42 181 219 50 89 140 149 235 105 76 3 38 17 252 106 248 26 212 19 84 
220 123 107 36 127 63 150 65 174 128 70 208 178 200 99 67 121 212 155 94 91 226 171 92 67 202 254 175 53 177 115 201 111 84 26 99 228 213 163 178 89 223 247 174 37 239 167 47 233 28 
95 238 65 211 38 245 197 106 98 176 166 129 222 46 108 234 161 119 247 38 22 61 82 244 118 66 224 87 84 43 175 81 79 64 82 45 115 166 129 210 13 130 247 233 124 77 60 65 42 49 
97 118 185 139 81 236 229 136 115 134 225 233 39 233 94 110 191 21 161 33 115 57 140 15 28 197 4 39 191 136 128 224 94 252 13 152 33 213 71 239 172 97 83 222 135 136 61 252 14 103 
55 181 255 230 104 119 242 70 118 154 50 57 102 239 253 134 112 23 0 234 18 42 152 87 44 22 46 213 164 145 41 32 219 39 94 100 76 225 53 111 147 183 178 69 25 145 101 219 44 4 
170 9 197 156 131 136 242 59 125 229 11 219 3 231 171 111 115 127 149 86 130 98 22 243 109 137 74 78 131 92 214 47 83 85 10 120 197 199 75 100 198 182 221 77 201 154 216 188 60 29 
250 189 163 118 149 62 226 249 137 202 203 221 246 186 181 161 75 112 121 203 15 102 61 140 42 251 214 110 69 69 104 186 237 64 240 152 97 0 71 144 95 10 254 195 176 223 99 38 174 37 
91 81 231 255 148 125 144 156 234 162 190 222 131 73 95 2 20 200 255 73 111 71 61 187 224 229 247 180 142 155 218 236 232 42 230 6 230 93 39 1 55 193 147 200 32 65 59 31 45 79 
198 182 0 152 112 32 87 214 0 60 8 42 180 194 34 43 151 36 32 79 249 124 76 73 137 83 113 97 38 93 253 190 208 61 251 235 181 75 17 213 218 166 1 61 44 76 216 58 57 219 
183 19 129 84 221 191 40 41 46 179 251 99 55 82 150 48 42 196 9 34 20 57 114 139 50 94 89 240 166 19 234 104 231 161 30 162 152 92 236 238 1 35 29 124 77 165 75 43 180 168 
20 189 14 118 237 254 4 57 131 198 120 248 41 195 170 250 73 253 107 199 74 20 187 155 187 123 196 151 58 98 183 217 72 65 235 59 43 126 87 192 58 184 12 131 245 99 212 35 22 34 
223 141 92 117 221 220 140 185 76 42 78 90 210 96 181 10 17 58 17 169 105 93 205 95 239 123 146 27 208 187 217 117 52 105 180 35 160 55 51 149 71 113 86 192 192 30 82 89 121 157 
115 193 109 238 138 167 51 227 84 137 49 245 28 214 65 152 99 225 100 126 59 149 4 112 199 95 102 59 234 59 133 62 49 93 130 117 24 218 145 16 135 36 134 22 123 12 65 52 42 182 
221 102 172 158 76 134 97 1 36 145 91 123 97 212 226 171 111 142 180 23 8 26 44 215 61 55 252 243 68 159 254 114 179 109 115 180 132 118 43 194 0 163 57 177 231 65 208 29 80 41 
226 245 222 129 4 176 156 136 18 145 175 89 44 145 183 116 232 23 237 126 246 185 232 223 164 87 32 88 246 74 178 232 103 238 215 144 60 241 13 45 179 176 200 234 180 19 4 201 232 46 
78 70 178 188 34 149 20 67 226 219 240 153 160 61 103 36 172 33 136 25 135 89 96 188 53 48 123 29 70 43 60 163 55 96 171 169 144 202 185 255 122 153 86 16 37 181 200 215 148 100 
234 19 25 114 26 82 195 203 206 202 15 56 190 201 92 120 133 129 10 33 229 152 93 211 241 157 191 3 52 128 194 108 166 157 175 34 123 35 178 142 12 69 202 24 174 66 183 250 160 222 
100 47 17 56 22 2 44 236 62 177 78 225 91 104 21 252 50 14 76 164 187 52 124 12 47 146 194 108 244 214 154 65 21 75 29 194 106 176 107 45 153 199 146 255 140 158 4 182 247 115 
202 15 154 118 241 165 34 46 94 87 19 130 43 201 150 13 102 107 76 65 138 162 197 40 57 111 9 180 66 106 90 41 145 90 193 194 173 230 92 252 222 77 194 169 176 253 37 220 210 190 
119 66 116 189 21 56 226 28 27 231 196 147 151 42 46 87 109 97 185 91 22 145 130 185 81 148 101 108 187 125 137 86 4 225 36 95 203 175 9 179 133 230 144 110 24 215 205 219 108 240 
200 203 72 90 181 205 115 234 158 92 86 23 97 143 208 28 106 217 195 255 51 236 161 213 77 232 246 30 119 179 128 45 75 30 199 213 130 133 99 124 58 114 69 18 32 19 140 16 137 139 
153 239 193 212 134 200 224 76 101 96 74 225 183 142 225 97 12 78 208 1 14 169 178 240 219 204 222 37 166 77 228 126 98 85 169 224 141 63 159 51 165 142 179 164 136 184 216 255 103 6 
227 242 59 57 34 167 52 11 55 219 253 58 79 191 24 177 148 161 212 51 251 16 230 252 69 201 74 82 252 54 29 91 23 12 81 101 208 198 254 61 14 10 252 80 214 76 181 17 204 245 
24 50 204 146 228 197 52 22 88 141 68 105 243 68 129 102 10 99 192 51 41 75 224 128 247 184 135 41 9 193 63 36 34 56 1 39 103 37 178 179 153 128 6 240 205 36 19 134 52 12 
150 233 103 134 5 96 24 65 38 40 174 159 198 159 89 91 17 137 21 17 242 70 244 177 116 40 192 242 47 67 112 91 120 88 109 135 10 83 130 172 4 218 96 80 176 191 134 214 211 149 
244 230 119 239 134 151 25 114 174 85 155 174 67 14 131 250 207 106 88 138 207 73 7 223 111 223 124 96 230 93 153 134 107 90 38 118 245 10 99 45 117 76 201 31 210 28 221 142 124 239 
106 111 86 153 3 233 172 153 156 92 0 192 208 123 5 249 251 196 56 125 203 200 252 191 11 94 241 174 100 24 51 129 65 238 3 158 234 33 123 33 119 231 187 121 8 72 71 14 80 16 
46 87 155 56 146 149 51 211 213 43 160 221 228 44 69 95 40 240 35 9 148 8 186 77 25 251 144 26 161 153 45 180 133 68 23 49 107 148 162 161 138 173 189 112 177 254 206 89 18 8 
244 78 154 225 202 19 92 224 98 68 17 210 6 128 37 114 139 136 145 132 41 171 108 76 231 193 175 254 187 222 164 152 248 148 63 130 200 88 69 138 95 73 59 243 237 124 120 170 164 45 
205 216 21 193 34 187 8 174 45 220 93 237 74 35 188 15 5 246 246 211 7 218 54 1 40 80 251 65 108 244 223 199 16 38 46 31 187 209 16 6 55 140 28 28 157 186 242 221 22 117 
83 223 1 29 55 113 4 26 97 105 4 13 163 5 144 210 202 66 70 87 1 9 1 123 162 25 223 18 91 231 153 172 244 188 145 235 179 204 75 129 246 4 76 193 78 56 128 62 207 197 
165 54 10 45 83 139 58 54 170 191 12 247 211 129 23 137 33 48 57 4 203 156 130 109 244 31 65 163 47 121 180 181 36 179 221 56 200 45 106 52 18 215 157 254 15 90 123 164 207 3 
155 33 123 133 222 145 16 23 138 181 193 106 47 214 103 99 220 50 24 123 15 165 174 133 137 185 228 211 8 226 212 250 165 55 73 149 217 181 30 123 132 217 137 142 186 217 192 197 253 179 
83 164 80 134 92 215 198 236 157 5 47 111 234 16 92 162 10 173 238 177 63 129 247 54 125 189 1 215 61 79 163 166 107 47 4 55 2 244 11 160 159 245 3 181 181 166 33 142 118 247 
75 242 34 73 250 38 55 213 206 90 0 252 107 186 176 16 49 70 212 160 167 240 210 252 183 102 111 47 120 33 47 29 189 29 158 145 90 95 160 147 175 48 119 189 241 28 28 249 197 55 
58 249 90 121 246 235 118 188 112 236 173 211 22 51 223 167 83 156 29 15 224 27 186 8 205 7 244 196 44 161 108 135 43 66 167 10 63 170 37 113 35 202 126 25 216 84 99 209 224 243 
26 73 231 169 117 175 230 155 47 104 154 175 72 84 33 151 190 232 2 53 2 114 85 44 66 152 75 182 54 86 122 111 136 38 111 229 51 46 44 78 49 218 82 236 103 22 222 115 194 49 
141 74 124 79 141 240 245 222 233 250 127 129 193 248 171 178 222 46 228 141 140 149 241 146 94 234 43 17 75 25 74 53 202 206 129 175 60 110 128 78 54 133 243 86 107 17 249 27 245 216 
72 178 148 148 218 245 35 140 74 37 161 131 54 66 34 111 226 198 24 194 142 145 196 43 165 104 192 231 183 113 168 21 55 2 59 202 165 151 42 229 67 141 214 109 197 229 192 185 235 55 
161 211 140 1 163 209 111 78 28 224 130 186 123 182 96 45 8 173 43 167 21 148 2 173 154 146 57 112 128 38 86 57 214 5 91 36 217 123 182 192 132 223 20 126 63 219 41 199 112 56 
243 159 195 235 203 45 125 136 104 160 98 68 221 92 46 192 44 241 58 172 36 124 92 212 42 169 83 201 84 50 182 54 207 207 153 147 48 58 249 118 32 14 149 22 231 69 85 151 137 17 
90 132 60 45 210 105 65 40 213 162 208 119 1 2 184 71 51 135 77 140 137 32 124 103 80 69 104 220 200 5 168 190 121 23 122 217 40 50 138 221 96 178 180 255 23 48 19 103 105 212 
6 138 80 196 127 50 185 86 119 199 112 231 96 62 51 244 109 104 255 101 15 38 149 184 209 38 143 77 101 50 11 36 234 154 34 136 212 102 152 103 191 204 222 104 193 84 98 24 253 43 
63 37 98 46 187 241 206 179 138 79 249 61 173 43 141 153 220 229 176 171 100 152 206 102 122 77 176 13 97 126 95 39 59 135 77 109 126 218 195 24 198 206 46 25 224 183 214 160 57 85 
125 129 120 189 52 76 15 47 123 178 175 34 200 223 128 116 205 70 28 8 117 60 222 54 132 187 195 106 127 100 79 60 82 109 119 204 134 206 29 18 175 205 57 249 25 66 168 108 183 41 
122 20 207 239 82 19 243 201 241 122 218 8 235 35 51 87 109 97 76 165 62 255 45 143 220 212 113 113 11 242 173 253 60 244 235 217 143 21 183 14 3 140 193 21 235 105 200 252 84 158 
150 110 110 157 14 238 124 184 152 9 231 75 147 38 221 158 235 184 161 249 31 168 66 246 218 104 17 142 102 61 86 166 205 234 98 229 199 120 22 208 201 196 101 176 100 210 47 8 73 23 
147 108 26 94 151 44 87 110 99 147 205 152 123 111 170 57 241 21 64 214 84 9 248 215 56 152 197 61 92 127 105 149 250 17 208 157 89 64 53 198 203 128 120 59 84 43 127 11 58 131 
206 19 148 129 143 58 153 17 73 82 227 15 34 3 229 50 240 92 173 14 171 58 160 41 5 192 133 239 213 137 175 5 111 175 181 124 149 81 181 119 116 127 159 123 35 9 35 96 12 155 
15 141 20 126 77 188 92 179 55 84 147 22 228 121 154 156 87 35 251 14 244 224 255 223 213 26 117 58 3 250 115 91 215 63 180 165 72 172 49 218 33 77 82 45 111 94 23 16 235 72 
173 167 175 47 213 193 84 255 15 19 133 226 94 229 42 131 28 214 94 156 129 9 164 18 241 68 90 15 141 88 14 39 235 40 115 35 178 177 68 131 76 21 186 48 247 109 118 62 30 174 
217 12 228 59 120 12 59 253 247 34 85 24 169 218 110 239 113 171 244 36 76 127 209 60 133 131 168 23 134 211 97 243 134 142 212 127 243 184 65 199 108 70 18 25 244 154 93 159 26 177 
86 237 60 161 136 169 36 164 117 161 170 243 105 173 99 93 46 228 152 70 231 157 150 89 234 163 223 210 27 61 12 201 10 122 18 3 21 91 20 110 198 218 40 86 250 90 86 241 160 50 
225 14 20 67 20 240 74 200 58 126 137 34 68 156 73 203 81 152 39 21 65 84 195 145 177 76 144 116 27 5 123 168 80 104 169 117 216 78 252 185 155 82 2 82 219 145 203 104 126 123 
189 44 81 33 204 132 150 93 143 153 253 37 88 221 204 4 17 67 44 119 196 219 157 21 180 29 241 2 244 63 189 71 91 190 44 7 89 111 132 61 249 160 185 146 235 25 1 2 201 160 
46 181 153 37 213 119 129 102 207 143 135 250 194 14 100 71 226 31 14 155 69 136 82 49 244 186 217 130 39 82 76 146 22 53 36 200 95 225 62 246 13 132 169 93 146 25 197 55 30 155 
6 190 87 7 8 178 112 75 160 182 221 72 129 103 125 15 88 191 23 235 29 251 1 200 132 125 154 4 14 3 126 59 214 115 30 130 82 161 214 142 36 101 173 98 123 18 18 171 94 251 
136 115 205 51 56 71 140 235 210 33 132 249 92 49 118 30 174 105 48 165 7 78 188 49 80 42 194 180 7 254 211 199 43 238 119 39 187 130 228 114 185 84 159 74 123 209 125 2 71 154 
12 161 117 148 121 31 49 231 110 235 143 125 160 23 166 250 71 139 94 115 188 94 147 154 4 69 14 8 50 244 214 225 248 246 96 189 225 99 55 38 147 131 140 37 238 165 32 78 221 74 
215 242 156 233 111 96 118 233 93 6 140 47 133 157 246 25 72 47 246 128 152 152 149 165 155 8 110 40 139 231 163 53 64 222 48 77 73 90 63 34 51 188 189 28 71 235 164 229 2 253 
14 202 209 81 146 166 147 250 65 86 5 214 13 86 155 169 86 219 85 54 230 217 112 103 179 42 171 153 59 234 108 20 229 175 143 210 136 109 72 149 199 99 130 21 142 57 219 238 239 76 
13 149 23 2 62 128 242 242 202 82 247 91 255 201 10 64 61 44 151 246 159 122 81 1 188 130 254 76 250 163 214 117 82 110 24 0 165 79 35 254 230 15 160 69 224 60 39 79 196 20 
111 237 63 149 79 218 187 19 228 29 138 20 147 34 47 233 123 197 158 86 164 29 160 238 197 197 57 140 196 190 148 216 17 110 230 23 236 159 96 109 252 88 121 59 126 80 3 208 214 244 
77 99 239 172 196 253 197 94 191 206 197 6 43 134 30 178 17 179 33 79 154 22 138 115 85 69 72 4 26 148 5 99 66 189 168 71 202 124 24 166 111 104 198 109 65 114 126 168 13 198 
70 123 152 184 217 59 65 189 130 206 190 24 64 225 239 54 179 230 112 109 2 194 130 105 0 128 85 98 253 176 219 90 250 220 56 238 187 235 38 175 122 186 20 228 237 44 99 1 139 188 
24 54 3 174 80 151 16 218 24 86 191 174 255 75 35 29 19 128 109 18 72 227 181 233 28 66 138 43 148 47 81 50 230 236 112 38 184 184 250 140 156 251 5 212 170 139 120 113 211 77 
230 23 174 209 217 56 112 90 196 240 97 127 190 162 74 233 51 76 41 171 99 45 45 117 58 227 192 165 203 152 0 64 104 46 220 224 8 63 180 179 66 27 103 223 33 103 88 18 153 193 
59 49 149 44 192 42 106 70 54 218 223 54 218 147 70 123 44 101 152 76 100 88 206 109 12 141 122 139 169 15 69 171 112 136 25 154 77 109 233 253 162 214 197 188 83 162 132 139 24 109 
209 88 245 8 36 69 232 89 233 253 139 46 115 81 196 99 70 0 205 2 138 208 43 13 207 186 86 97 147 24 211 23 99 121 93 67 135 230 11 22 85 219 99 175 15 140 78 199 95 176 
234 7 114 83 222 137 166 98 31 49 126 114 36 119 181 39 126 123 166 18 3 249 63 42 19 244 138 61 36 55 75 171 20 63 168 83 219 1 26 8 206 224 43 235 179 168 100 146 10 148 
3 0 127 189 82 89 255 163 73 227 77 30 65 95 240 107 104 220 84 44 58 134 73 33 167 141 35 217 244 248 31 206 100 9 52 223 246 71 182 47 129 229 137 108 142 215 127 244 138 191 
209 157 5 35 0 69 19 169 246 214 87 144 228 41 159 160 40 162 162 109 91 229 62 118 187 143 61 51 176 57 7 155 112 67 17 67 197 176 191 235 56 95 89 180 18 100 101 41 14 1 
155 86 69 84 121 68 47 79 153 146 39 183 38 211 155 90 16 201 63 217 138 52 145 80 109 116 7 129 158 213 191 160 153 17 101 228 145 228 108 115 244 238 110 234 158 77 223 103 75 158 
107 123 246 21 248 164 192 175 26 141 55 61 189 18 75 65 201 106 192 182 59 241 248 238 80 167 19 119 45 162 215 191 191 82 77 131 22 103 246 63 19 24 78 169 2 172 191 102 191 159 
47 222 173 119 20 152 99 87 187 122 66 152 41 188 107 25 80 141 250 178 155 253 47 111 153 12 36 251 39 115 82 127 172 105 105 121 195 173 81 57 155 121 120 101 138 169 116 109 70 187 
163 23 75 200 46 250 161 246 77 117 189 243 207 212 132 194 143 18 161 239 224 67 240 79 192 221 22 51 206 249 159 40 82 67 227 51 0 154 137 59 93 215 181 41 31 0 12 32 160 182 
250 224 22 103 49 127 250 33 83 73 255 94 56 114 154 58 121 142 109 212 251 92 60 254 215 171 134 54 206 45 226 103 148 129 194 189 189 253 36 16 30 120 17 61 177 150 16 11 200 47 
137 128 115 71 253 238 120 89 227 52 14 107 117 99 249 109 42 255 86 194 66 59 16 83 205 39 140 159 44 53 86 142 17 233 103 100 131 155 141 5 8 220 118 6 104 209 6 114 140 61 
163 178 69 102 170 102 237 147 158 243 103 158 50 139 176 244 9 113 113 249 153 216 116 1 155 13 173 211 71 181 59 250 163 176 69 216 202 238 115 88 77 138 229 88 119 211 87 52 95 150 
195 247 225 122 1 126 10 193 106 92 27 186 143 202 147 141 253 90 85 168 134 156 139 216 227 195 0 7 194 15 108 69 155 76 54 163 138 108 54 121 118 17 169 80 160 63 159 227 95 149 
217 144 107 248 116 118 227 237 210 143 229 51 198 216 218 139 2 203 121 226 97 31 252 174 202 101 232 73 62 214 206 219 150 146 67 36 172 179 224 55 28 84 208 128 116 216 106 155 135 188 
75 43 37 201 190 105 153 132 213 159 62 186 182 97 42 107 7 113 109 213 208 122 158 19 126 92 152 65 177 158 183 111 38 175 138 58 177 117 254 255 172 103 202 214 212 103 21 222 162 206 
92 216 31 90 154 180 95 169 167 40 123 61 231 50 115 13 249 35 186 120 73 108 72 26 242 251 254 216 21 95 21 181 210 115 18 223 84 252 13 78 87 191 229 198 162 81 17 139 190 158 
163 123 250 98 78 31 114 191 84 86 218 2 157 214 134 132 96 72 102 198 8 189 229 62 95 26 59 15 39 245 34 162 124 185 203 188 153 21 82 140 191 7 142 91 9 1 9 21 193 100 
233 235 125 128 15 255 40 234 179 202 26 52 5 214 204 206 178 165 36 187 62 3 58 93 109 129 79 139 189 98 198 97 253 74 201 209 127 132 81 82 96 175 244 69 77 67 41 219 191 3 
166 12 162 73 226 19 14 42 157 117 106 63 16 63 2 146 68 60 6 161 69 93 77 186 123 41 110 250 99 125 160 195 17 116 201 192 69 212 198 148 11 205 201 215 6 208 223 227 33 91 
88 133 96 72 238 143 41 123 16 201 243 112 10 46 30 142 180 68 151 44 200 121 5 247 213 96 21 244 133 80 23 175 154 1 240 130 206 105 58 28 234 7 194 10 136 213 147 29 72 31 
46 131 212 0 50 76 23 157 250 143 97 191 18 137 8 164 232 15 243 94 156 7 94 3 223 76 193 87 208 53 132 196 127 12 116 201 210 172 120 117 12 241 202 133 2 253 143 16 35 26 
178 176 207 61 96 108 109 59 231 10 172 136 121 5 109 32 16 240 21 109 178 47 230 81 84 115 27 217 161 15 171 135 208 88 7 187 163 246 122 11 225 152 15 31 255 155 142 212 166 96 
120 123 188 244 219 184 169 72 108 213 62 244 181 138 175 188 21 105 97 74 117 111 43 56 233 15 81 34 172 248 219 196 152 11 211 9 83 34 255 47 233 95 248 6 64 215 195 14 103 242 
194 68 199 0 116 104 50 132 152 173 68 44 55 249 142 114 57 70 61 22 165 214 27 231 174 126 57 227 123 33 83 212 198 179 2 152 189 64 107 242 5 89 13 136 32 74 219 61 84 198 
159 88 180 169 168 71 214 33 50 171 113 186 51 104 17 120 33 81 49 14 239 43 213 63 183 201 122 66 146 122 117 32 20 139 102 238 169 15 21 196 76 218 87 159 163 32 184 134 78 147 
143 7 19 102 237 229 161 92 108 1 208 108 69 37 55 82 119 14 24 215 39 219 103 124 66 51 255 167 130 18 88 209 110 116 230 125 228 195 250 146 231 232 177 143 207 243 62 245 54 12 
202 207 153 65 175 229 25 186 191 89 31 236 95 62 192 215 209 230 242 101 211 156 69 200 0 29 23 177 251 29 45 115 15 118 117 66 180 173 237 87 44 139 125 229 47 116 225 197 142 102 
249 86 159 131 160 35 113 40 3 226 77 72 172 161 37 66 80 215 128 39 248 170 21 117 26 204 236 55 205 22 16 67 79 25 188 227 166 169 249 13 28 47 138 216 7 192 106 208 173 166 
223 68 147 5 105 198 53 152 191 168 35 158 111 49 38 58 180 139 70 196 160 190 70 107 189 177 246 118 37 135 125 103 31 8 206 7 107 80 15 118 227 173 35 211 31 189 8 128 54 8 
86 57 99 47 64 138 130 113 212 20 205 103 233 33 252 140 73 28 7 178 2 169 78 113 176 20 39 192 253 135 246 99 59 213 216 227 1 200 95 92 152 131 143 95 159 60 198 60 124 135 
76 32 57 235 232 52 75 80 81 69 62 71 142 80 229 207 117 53 46 43 200 116 162 169 41 146 105 141 134 140 53 120 28 120 118 56 45 232 197 54 8 132 190 231 129 27 155 148 39 110 
54 98 163 68 105 122 60 22 20 118 124 98 150 183 134 202 25 131 30 133 138 28 221 106 48 165 240 118 209 47 110 31 8 242 179 68 28 201 82 250 87 115 106 65 64 227 105 232 95 233 
145 47 6 209 225 62 185 194 76 198 251 130 4 76 68 124 134 175 86 199 223 6 236 25 195 231 77 124 229 209 82 7 107 96 198 122 233 20 227 123 128 147 15 40 198 239 92 255 6 102 
87 31 194 115 4 247 191 17 113 48 154 73 15 154 223 173 199 244 103 14 99 0 213 65 111 76 103 171 225 140 62 169 72 81 103 113 71 153 16 228 227 187 84 15 60 21 211 111 91 54 
232 87 191 96 226 74 248 34 79 220 243 9 36 171 66 182 68 231 35 193 148 89 223 209 158 203 191 38 133 170 79 71 64 55 19 163 147 213 122 60 17 188 214 182 121 238 194 216 197 149 
241 191 143 250 248 141 222 37 22 46 20 149 101 202 29 105 108 84 7 57 152 77 44 138 20 201 71 233 113 105 231 6 37 181 146 69 36 5 106 155 135 46 72 233 34 228 2 73 82 116 
104 5 130 241 25 154 2 99 2 1 95 145 143 215 191 37 253 156 103 3 46 91 70 207 19 204 136 181 2 167 197 173 38 181 245 214 4 122 138 189 165 238 124 63 80 74 164 66 82 193 
84 27 235 84 28 218 5 41 22 124 23 10 9 129 166 148 153 44 26 44 162 24 70 13 145 204 75 208 102 166 220 80 20 10 62 189 235 138 54 96 161 44 181 17 1 98 7 38 30 218 
185 235 30 51 0 213 241 55 93 152 151 134 244 208 84 122 117 36 70 237 222 142 157 10 60 49 255 52 215 28 142 46 230 204 174 1 157 179 151 238 223 169 135 167 52 64 215 36 11 56 
35 54 240 24 157 45 63 220 10 200 112 161 146 96 141 64 46 246 148 160 35 5 161 17 213 50 179 166 2 15 132 213 157 205 27 5 234 164 128 178 251 69 173 206 171 111 110 242 155 119 
238 46 128 146 234 25 212 204 145 138 100 169 55 28 206 224 8 160 13 34 228 120 70 117 245 147 110 113 197 108 74 119 178 95 32 127 234 208 28 186 65 235 168 154 76 45 182 112 215 157 
69 252 40 103 173 225 80 12 249 43 127 13 195 229 42 219 6 219 98 247 186 240 10 49 49 139 182 208 255 146 121 130 215 86 1 54 245 231 204 68 227 122 250 163 224 196 148 144 125 210 
156 139 81 230 224 99 59 241 169 163 95 226 50 68 91 100 222 6 70 168 156 15 184 137 234 20 28 42 63 105 61 40 46 7 230 204 32 250 1 10 228 85 37 197 204 215 149 88 11 139 
77 101 109 113 129 166 93 203 107 109 114 12 103 39 239 7 19 178 237 189 43 232 57 79 212 52 165 9 32 88 215 158 55 151 200 68 39 4 242 247 97 18 249 29 119 181 54 17 206 226 
203 48 160 32 122 183 80 51 171 7 92 106 105 143 161 122 254 56 198 170 216 175 31 190 18 166 159 23 192 254 4 175 218 194 127 251 78 16 79 180 51 79 123 62 95 211 185 174 210 18 
207 184 209 197 130 52 110 147 217 169 173 247 126 68 249 203 216 74 50 134 230 143 56 76 39 42 70 105 42 44 190 34 229 137 2 50 118 93 252 149 163 90 110 249 75 46 9 65 60 164 
36 217 116 242 119 249 76 251 176 21 208 180 108 168 193 83 45 104 219 110 194 242 7 195 190 72 87 196 4 178 69 236 185 85 58 154 108 105 56 123 188 23 219 7 132 9 217 128 199 122 
176 127 171 58 180 245 253 244 144 31 209 14 205 242 87 85 229 152 10 12 61 251 16 10 118 78 127 168 227 80 45 57 126 173 226 141 118 123 166 232 31 112 196 174 14 178 5 202 95 181 
248 201 183 213 217 103 110 70 181 99 64 58 37 99 31 109 150 69 52 191 19 197 13 155 118 111 101 30 83 158 4 154 166 99 49 95 1 73 119 203 50 134 43 247 205 37 182 68 143 66 
82 8 139 113 224 156 64 134 110 38 79 229 223 167 156 11 156 10 20 228 47 16 9 19 195 92 56 206 14 24 236 246 0 147 80 31 178 251 202 31 231 15 233 235 114 180 214 74 251 48 
17 117 157 13 15 33 64 174 85 174 23 128 248 5 38 155 101 234 212 79 68 140 148 162 175 32 89 160 248 187 64 77 84 24 106 201 191 120 252 148 127 151 65 152 235 142 199 39 250 63 
250 102 22 89 178 249 122 134 66 73 1 250 191 8 178 88 38 219 13 226 63 121 12 180 236 199 159 215 166 21 88 16 90 245 119 11 143 16 238 210 213 18 254 252 2 87 22 62 137 144 
144 254 156 193 204 202 171 140 143 37 78 73 253 59 125 99 19 123 170 56 166 170 251 229 208 209 88 64 187 62 22 253 66 128 91 211 113 39 188 51 106 111 143 6 83 225 194 37 101 149 
133 7 244 77 53 107 30 186 179 143 117 210 224 191 156 29 230 155 204 134 86 27 43 251 207 220 184 144 129 246 72 140 159 60 144 236 130 15 217 15 239 132 122 211 58 207 4 162 7 207 
19 60 67 63 7 107 204 246 103 99 140 198 245 57 97 252 227 144 255 48 162 228 246 122 180 125 118 26 172 27 7 51 125 243 117 59 128 105 87 32 211 44 235 133 84 149 196 37 105 4 
116 227 54 216 56 131 76 23 185 90 76 249 232 216 131 238 110 197 138 144 129 213 241 1 251 145 112 217 230 118 229 19 67 161 140 213 230 78 237 59 201 97 206 224 19 226 221 115 85 206 
228 250 87 23 235 193 109 216 164 123 190 141 49 187 26 114 21 245 136 39 159 161 98 57 141 216 213 227 183 219 75 253 50 146 254 99 100 60 194 24 135 243 61 28 83 47 114 155 173 162 
85 243 255 217 48 48 81 189 145 39 25 89 101 196 3 44 71 107 216 138 48 187 103 191 171 7 92 132 146 24 124 72 250 147 214 223 253 238 26 44 118 18 205 52 44 204 210 41 177 142 
82 118 117 201 78 156 217 36 163 212 92 67 174 58 59 2 121 220 204 57 247 253 187 202 72 217 102 71 96 211 137 184 213 181 142 95 67 228 188 29 47 204 198 102 113 244 153 21 197 254 
242 169 85 49 164 250 142 55 107 251 103 59 172 167 183 27 213 55 29 197 225 215 164 202 205 132 80 183 28 239 153 202 247 33 69 155 63 74 25 187 84 185 24 60 23 4 172 211 65 189 
97 237 240 181 234 156 70 245 72 129 122 211 80 84 106 93 39 69 72 224 68 188 129 156 26 225 23 25 83 223 84 148 163 133 27 65 155 40 172 170 134 11 187 180 204 5 32 18 121 90 
98 57 154 175 39 12 204 175 25 186 46 183 66 230 175 103 178 64 7 214 25 157 120 250 112 194 5 190 126 205 4 254 17 3 10 189 225 147 47 135 79 0 232 36 164 108 127 102 162 165 
80 139 35 13 107 72 126 179 224 101 34 198 161 240 131 167 19 242 29 172 129 197 0 51 127 72 10 66 40 38 50 251 136 239 224 53 74 43 186 171 34 132 77 117 183 218 224 12 152 9 
251 218 242 111 6 101 25 71 215 199 45 221 112 87 161 251 225 85 105 228 124 105 48 121 139 176 220 128 186 23 0 55 179 48 177 61 39 244 135 199 149 57 185 190 39 192 87 22 75 54 
74 197 252 221 250 99 130 157 148 8 243 218 45 90 200 245 30 124 238 158 195 139 26 38 139 203 113 202 112 50 153 16 76 208 65 176 161 33 45 91 54 69 190 156 36 185 113 185 115 80 
241 148 10 129 37 23 186 72 146 245 153 176 71 218 190 144 134 19 250 32 35 34 222 102 85 11 179 34 96 176 101 33 123 183 240 21 75 123 193 6 213 228 66 122 200 181 93 168 173 153 
52 37 73 96 146 40 65 6 245 152 19 239 3 179 170 146 158 136 53 240 76 79 55 176 241 94 115 250 110 10 97 66 138 42 231 225 70 250 172 136 182 31 168 13 226 49 62 217 155 59 
177 52 101 213 28 45 105 79 48 92 190 131 183 161 226 99 189 116 99 42 16 69 9 77 242 241 116 63 101 100 190 159 209 58 141 155 191 88 117 106 139 30 241 59 156 110 109 158 254 69 
43 187 158 105 181 84 9 142 162 27 204 11 239 227 141 48 218 243 194 18 214 136 110 252 231 165 125 57 66 10 181 3 225 155 121 236 172 69 244 65 254 18 188 207 183 158 39 64 120 38 
45 120 29 2 107 98 115 35 233 192 152 181 48 93 121 89 100 175 164 16 144 3 59 38 76 167 159 81 44 120 81 81 217 38 28 192 41 237 198 58 174 59 40 189 117 237 221 82 15 63 
5 210 144 35 135 9 163 76 2 115 47 163 19 20 91 171 249 174 197 78 155 68 157 53 208 230 116 218 87 55 195 230 135 214 166 103 148 195 91 221 197 245 178 210 189 92 243 107 118 26 
13 203 237 253 117 140 249 10 18 113 185 15 80 251 115 194 26 250 1 90 66 148 1 134 242 232 192 248 15 13 229 84 13 47 93 246 227 247 83 214 233 164 134 40 203 181 250 94 161 145 
17 187 26 4 21 157 246 136 85 118 166 124 138 83 83 162 7 33 25 209 63 107 81 206 214 45 69 49 163 194 212 192 38 167 145 155 63 56 21 47 251 82 203 201 112 168 33 231 32 158 
215 150 47 100 111 14 198 161 230 201 116 4 12 111 113 54 226 40 21 96 129 217 104 9 57 97 13 241 3 36 61 42 210 84 88 43 142 38 207 12 156 108 202 165 155 49 207 101 51 133 
153 243 249 240 187 52 72 187 57 202 202 142 215 169 35 68 64 249 17 244 20 179 75 50 215 211 77 1 180 20 21 72 126 183 107 39 82 36 3 46 54 208 239 166 188 113 183 71 153 238 
202 51 33 112 211 186 5 113 22 251 185 172 51 172 131 21 232 249 45 182 142 10 29 157 26 51 172 53 69 166 86 122 130 143 3 101 38 108 145 116 248 158 50 251 9 135 221 234 62 9 
233 55 221 9 112 30 49 202 72 35 239 70 232 118 194 219 196 233 24 37 218 92 249 90 122 157 121 254 155 234 43 236 101 135 107 75 21 103 59 121 215 244 20 161 226 239 227 93 47 140 
188 36 74 47 224 44 79 110 35 75 22 158 98 241 64 254 188 71 26 177 221 65 166 39 82 75 247 157 114 179 53 30 207 52 31 231 184 185 127 165 115 20 178 219 155 19 216 230 132 7 
143 104 111 220 166 18 44 209 131 131 160 174 138 51 113 75 104 22 30 246 17 87 120 232 219 49 13 255 3 143 117 132 210 228 15 135 74 206 208 231 193 148 24 194 217 135 27 125 83 97 
178 194 103 38 254 250 197 19 20 48 77 173 160 62 255 218 25 63 98 217 229 141 209 103 73 6 165 101 136 61 61 165 90 72 230 225 37 144 86 36 134 41 55 205 113 121 235 7 246 75 
51 90 20 150 31 164 242 192 124 123 48 4 126 148 26 206 82 89 40 5 196 67 22 215 1 196 185 12 170 98 232 40 87 104 174 30 90 36 199 229 121 122 185 45 155 139 11 150 249 32 
34 70 209 30 185 197 101 6 8 32 203 28 252 44 27 73 74 79 141 203 9 102 224 166 203 134 214 4 119 71 79 126 19 140 52 34 229 32 118 153 122 19 3 134 185 93 64 86 150 153 
28 168 235 163 76 247 130 166 223 57 144 64 153 50 81 41 68 75 223 62 227 186 253 130 23 233 7 97 231 236 235 207 196 94 15 252 252 53 237 185 110 152 82 61 131 161 237 77 185 199 
25 168 187 50 33 18 153 8 193 66 149 112 147 95 63 205 41 56 246 43 241 164 81 28 222 78 223 149 87 198 56 3 243 68 23 74 127 229 214 108 221 117 80 169 85 222 128 19 192 226 
217 70 198 230 76 1 126 123 251 164 87 118 78 164 134 119 242 147 106 190 204 236 61 33 179 51 240 188 38 88 35 14 7 237 112 83 149 126 151 53 34 155 77 108 178 60 171 161 85 143 
196 91 91 57 117 134 65 127 92 86 210 58 74 57 137 119 107 156 241 46 49 64 67 228 72 179 87 116 8 169 88 170 133 112 84 254 10 173 219 16 118 124 13 222 227 156 142 112 83 125 
53 231 221 184 202 59 42 159 42 77 42 153 58 23 225 159 236 239 245 59 125 134 26 91 171 208 111 54 157 66 83 230 183 80 52 253 172 63 74 75 217 236 185 235 90 102 68 174 129 248 
190 49 165 24 0 31 80 124 119 9 199 84 22 237 127 52 121 28 151 151 171 213 203 211 106 137 240 66 191 202 167 86 129 146 91 25 235 112 123 172 221 1 211 17 57 78 66 254 60 164 
139 51 213 203 173 113 252 35 129 37 210 143 218 178 21 44 236 227 190 109 34 67 217 5 217 75 230 19 0 110 184 36 187 246 225 35 23 28 249 223 156 27 43 86 134 25 211 86 130 98 
62 55 195 198 240 241 8 82 40 0 214 212 21 19 69 64 234 90 181 41 138 86 129 15 58 186 217 180 42 34 126 138 46 16 207 245 3 25 146 127 52 230 177 213 24 107 34 40 77 99 
118 63 254 29 169 58 185 106 4 202 82 6 180 143 107 82 194 207 108 219 85 117 20 69 251 72 171 61 151 35 70 122 245 210 150 187 206 140 21 231 49 83 178 125 157 54 51 205 243 155 
113 49 89 211 51 69 233 138 192 200 180 99 210 82 60 247 139 76 70 129 160 99 8 196 16 128 139 213 72 153 16 178 67 4 120 39 188 197 61 18 34 209 163 238 6 253 114 204 211 90 
239 117 116 247 167 62 235 197 165 119 151 7 57 149 126 182 186 126 61 192 175 46 110 72 123 174 158 21 22 249 39 34 211 15 245 157 24 136 118 191 10 183 173 26 210 32 159 237 112 4 
245 115 207 212 244 145 185 130 94 89 237 195 52 21 79 78 67 4 195 7 11 206 105 197 197 145 244 56 80 225 167 149 106 139 171 66 101 88 85 9 95 216 132 5 97 196 164 112 16 223 
158 188 32 196 9 34 210 43 79 116 134 70 61 38 75 195 186 164 76 64 91 108 203 130 216 170 61 8 148 236 104 242 52 39 122 18 210 44 218 16 100 186 105 3 129 188 198 185 120 27 
27 127 109 149 236 3 102 6 231 98 130 139 140 205 240 17 96 157 245 7 232 186 225 12 154 6 97 69 110 106 186 99 76 215 184 136 35 143 239 252 110 4 74 155 144 20 203 14 92 20 
154 22 66 208 239 197 97 182 101 238 105 139 209 85 207 97 206 244 120 246 126 167 8 68 163 126 85 228 4 158 150 100 224 170 239 140 188 95 230 133 251 153 190 108 170 153 74 220 89 90 
206 88 186 254 179 233 244 171 61 134 200 232 237 107 55 219 142 201 69 188 159 202 255 91 239 163 224 22 139 124 249 210 154 60 247 246 198 242 108 205 173 204 213 0 141 161 38 34 0 1 
168 101 114 231 189 252 223 111 25 252 237 51 240 2 15 92 211 81 52 63 46 97 194 48 71 53 116 196 182 93 219 32 113 220 137 162 85 83 100 186 164 129 171 171 28 31 146 53 148 98 
82 225 199 202 157 61 164 0 33 68 67 108 187 116 142 136 103 219 209 110 120 33 248 135 137 139 76 39 118 101 98 39 96 110 125 29 210 207 154 55 172 232 226 176 133 253 69 147 131 240 
71 1 211 88 225 86 168 31 253 185 126 88 156 201 238 39 93 64 60 32 112 37 130 88 86 195 44 239 26 58 67 161 207 181 4 139 3 236 28 43 190 64 255 119 12 127 250 117 104 80 
21 64 122 153 170 157 184 175 126 145 226 108 221 202 237 76 173 74 106 158 9 197 197 199 8 132 109 146 5 102 109 105 35 208 208 23 200 196 250 125 192 164 97 179 220 55 213 84 239 5 
16 84 255 57 16 218 145 109 167 162 138 252 11 197 213 28 3 154 37 2 245 161 66 218 116 207 190 42 90 241 58 196 39 199 234 88 113 10 219 102 169 58 211 42 142 37 166 106 240 230 
19 60 62 152 183 83 86 196 190 128 83 109 66 93 89 34 159 6 215 252 151 198 22 114 200 156 216 137 208 17 190 198 114 92 54 124 233 181 165 43 223 208 43 201 72 173 6 151 243 15 
56 136 212 86 116 143 69 181 124 208 189 210 184 143 233 168 142 164 27 149 115 28 13 61 141 125 190 191 211 44 89 41 58 102 129 108 103 177 100 90 30 207 25 129 140 43 185 94 52 154 
6 52 237 233 233 127 199 90 35 44 214 56 223 251 162 136 131 146 51 162 44 226 110 119 197 26 230 122 106 88 83 206 217 59 232 169 218 30 221 40 239 30 55 222 90 173 237 32 85 177 
165 5 251 4 169 133 3 52 137 131 178 143 244 141 7 147 105 12 181 106 41 18 203 173 134 54 56 154 122 141 82 229 136 160 37 111 39 193 123 167 81 125 188 118 201 185 33 12 80 162 
227 37 121 20 116 119 250 209 247 251 71 100 235 242 255 17 75 223 228 64 27 195 13 104 179 90 183 100 251 234 212 233 123 17 133 157 224 215 230 15 173 228 182 11 55 14 67 224 61 90 
135 183 250 157 60 206 146 254 211 234 157 10 177 101 223 46 234 20 142 138 184 177 226 113 62 75 98 2 238 233 227 211 96 24 0 75 62 185 7 48 227 81 45 223 250 42 157 116 201 55 
39 246 19 112 25 91 167 91 21 218 149 153 220 224 251 157 140 70 87 112 247 114 4 24 165 104 240 105 74 42 109 127 76 41 32 51 74 211 10 61 10 148 142 140 201 32 48 52 48 167 
216 201 229 182 107 11 2 228 12 253 57 96 18 45 181 118 59 141 229 66 64 116 34 97 106 216 19 63 240 153 184 80 200 26 218 138 207 224 113 100 175 227 58 126 66 59 2 88 203 53 
201 57 94 248 211 6 129 126 163 21 243 239 148 134 248 237 250 104 76 72 213 174 146 88 8 186 221 109 37 149 194 185 198 85 83 92 193 51 58 238 106 241 165 167 234 168 192 57 110 87 
78 53 170 209 245 197 230 80 49 76 55 221 50 158 102 29 250 180 176 203 218 205 82 157 135 178 160 254 164 148 240 58 60 12 191 43 105 137 105 163 9 33 96 217 89 7 251 12 113 28 
173 84 173 36 117 31 85 192 212 101 135 190 125 16 250 254 242 138 194 241 156 154 200 1 110 115 8 34 70 50 52 27 69 170 57 134 217 45 215 11 40 2 189 47 169 138 94 131 211 38 
200 144 95 251 236 202 54 253 206 136 137 244 207 35 241 45 159 151 232 122 35 151 231 249 26 119 206 245 225 149 57 56 59 98 178 101 224 175 40 142 193 57 126 52 41 171 208 98 11 209 
139 234 163 59 173 58 128 255 192 187 82 225 161 62 236 238 135 249 193 204 208 194 183 109 1 145 246 207 221 248 101 13 242 92 215 171 91 86 61 156 52 120 100 214 191 46 154 66 143 210 
12 43 98 160 109 235 106 56 144 191 242 47 13 130 132 16 101 25 158 238 9 114 67 101 244 102 128 169 204 225 113 23 151 156 138 231 77 19 5 102 195 215 94 239 105 152 27 56 114 49 
35 185 76 74 241 170 56 117 170 125 80 178 164 110 54 220 122 75 49 182 238 104 23 116 108 150 255 184 107 49 33 67 202 49 197 170 206 176 36 41 69 166 43 78 44 61 235 161 151 29 
176 71 11 195 255 253 10 74 116 10 20 87 248 23 223 252 231 64 182 252 235 48 170 187 24 193 68 113 170 54 218 172 35 190 29 215 253 12 19 183 231 255 44 55 48 186 128 2 73 134 
86 38 250 141 43 215 78 204 117 30 209 136 127 204 171 63 35 203 213 84 82 148 91 12 98 244 123 99 38 102 168 193 137 81 93 120 75 110 116 111 199 47 21 169 164 83 203 48 30 73 
162 175 210 244 127 161 11 78 213 191 178 249 145 50 199 180 76 215 41 6 96 245 243 24 197 164 163 118 163 130 178 146 188 157 214 177 183 59 8 232 193 163 237 72 15 151 134 187 172 243 
80 148 99 11 110 25 126 39 9 48 191 121 106 40 78 1 85 190 3 252 106 232 155 44 202 213 229 92 206 145 128 175 147 233 66 199 53 245 166 12 137 129 177 35 141 47 3 25 192 118 
94 242 248 94 189 115 143 242 164 69 164 28 168 185 108 72 80 240 64 209 7 46 224 252 50 224 244 124 70 128 116 116 6 74 216 236 168 87 73 25 65 169 139 123 143 155 99 130 154 142 
182 13 62 197 253 216 72 64 59 111 211 102 1 85 184 188 104 84 58 240 71 35 199 50 60 168 102 68 149 123 177 150 101 20 120 99 26 98 217 147 135 22 197 12 125 212 48 8 46 241 
22 73 52 118 226 208 248 188 101 231 71 219 251 231 52 69 157 139 173 89 102 96 124 232 176 10 39 243 61 53 11 242 247 224 228 164 229 106 203 115 179 186 82 156 249 217 120 69 50 138 
68 99 64 89 19 66 151 182 142 190 105 187 176 146 24 139 71 89 170 180 3 129 209 17 11 159 43 54 150 225 1 94 193 107 112 173 200 82 38 135 246 132 244 94 229 251 160 205 28 209 
172 168 166 146 2 185 82 156 24 157 223 103 129 61 239 159 227 115 136 21 26 180 206 19 128 246 43 139 184 147 89 215 20 218 175 149 68 195 98 198 117 49 0 234 161 238 153 114 192 11 
51 178 179 39 186 43 18 172 174 178 126 11 222 107 60 138 207 95 126 151 43 134 197 199 29 112 41 45 50 229 29 153 125 95 209 51 204 98 110 120 157 63 57 186 172 170 58 5 46 94 
88 158 131 203 144 64 224 118 236 64 122 185 204 54 7 164 203 51 140 33 146 33 173 237 157 31 15 53 215 220 17 149 188 248 255 2 48 130 177 37 181 99 201 33 162 170 226 100 82 104 
118 69 182 83 136 114 4 190 149 206 155 50 186 152 242 224 244 218 37 137 144 76 47 187 144 113 121 172 43 53 172 39 54 244 242 49 7 29 123 94 5 124 253 248 26 116 153 59 194 39 
104 163 118 74 156 6 53 47 65 136 233 68 94 199 183 2 44 169 136 98 107 87 145 150 207 75 156 76 174 81 35 112 20 233 48 14 65 204 27 53 156 170 250 138 159 88 174 68 195 96 
254 47 251 109 70 133 60 32 67 66 252 55 85 125 102 45 13 147 32 194 178 234 63 160 239 90 85 100 173 218 151 204 74 241 229 135 223 93 110 171 226 93 149 154 210 218 2 204 59 195 
188 130 55 253 28 216 65 119 42 91 163 22 153 224 21 31 100 119 255 225 161 60 47 88 183 151 1 62 117 208 219 40 148 203 154 238 77 67 8 143 18 116 50 0 52 45 118 37 100 58 
10 34 47 181 69 199 0 185 47 184 107 233 230 193 221 32 245 124 239 173 59 211 107 33 55 59 36 245 142 77 214 146 143 243 208 181 246 208 118 18 148 125 73 18 15 103 180 38 83 194 
15 140 110 50 215 174 116 84 60 23 227 156 4 107 139 109 61 154 120 251 200 181 73 147 17 226 24 167 154 118 71 104 167 125 203 228 209 123 3 192 14 212 59 97 27 195 176 231 203 170 
34 189 2 109 175 77 153 165 60 131 10 67 41 61 40 131 167 30 177 28 247 47 88 54 48 43 163 112 224 33 219 245 2 213 178 226 206 223 62 70 143 130 85 89 253 12 123 76 240 42 
47 112 176 74 132 121 53 212 76 250 68 229 140 54 97 34 150 14 120 51 79 228 67 123 44 150 77 67 239 54 233 249 29 70 181 232 218 49 26 37 136 95 114 1 52 30 16 8 95 151 
168 134 176 110 168 2 208 18 15 0 239 173 230 249 122 42 12 102 167 11 86 165 120 204 25 127 97 121 166 118 53 94 186 205 255 91 142 150 113 27 91 168 204 8 16 81 226 91 187 143 
23 241 134 243 41 164 110 195 197 33 48 66 156 177 64 248 139 158 191 157 95 219 175 73 249 186 211 142 58 55 144 226 0 109 214 113 69 57 189 174 147 209 130 186 39 8 110 7 126 75 
205 191 234 90 78 115 138 12 98 100 70 91 150 102 115 162 150 51 242 128 7 173 125 85 100 150 229 79 65 208 122 4 247 24 60 10 185 32 52 3 10 78 166 130 137 184 44 133 144 128 
212 142 21 83 135 8 101 250 76 44 88 78 155 183 67 231 50 106 21 132 45 130 3 242 184 101 107 203 43 165 144 197 103 81 9 30 203 140 181 215 23 43 109 9 65 73 224 45 157 152 
150 72 6 221 95 33 21 134 112 189 63 201 168 11 62 139 135 177 19 186 56 153 229 226 199 211 34 164 4 67 59 124 200 178 133 108 55 34 205 116 123 26 233 78 27 108 36 171 155 67 
12 54 150 143 191 76 199 255 213 21 187 40 117 136 18 85 84 170 87 178 18 2 159 202 216 35 174 41 167 90 5 180 47 155 42 93 106 146 248 47 227 100 116 64 15 53 65 17 45 97 
118 71 119 244 106 61 183 117 114 42 154 244 219 137 7 104 144 98 193 186 49 125 39 123 229 37 228 90 233 110 64 237 108 124 57 194 7 19 79 81 168 250 59 20 193 115 168 116 241 79 
6 179 106 66 93 189 59 104 171 104 142 13 170 160 102 26 16 118 18 91 73 209 129 132 132 147 104 65 252 82 127 82 49 225 210 225 26 204 198 238 23 41 167 209 136 137 97 46 132 92 
230 16 31 173 8 45 68 175 2 179 253 154 155 98 234 29 59 55 54 202 45 246 91 40 130 51 47 21 245 50 180 201 164 131 54 130 19 50 193 96 145 137 80 130 75 116 71 218 22 87 
149 176 119 108 43 106 95 210 251 62 179 74 143 106 102 33 253 227 166 9 89 45 11 41 36 160 23 67 68 58 48 86 228 119 5 148 74 26 125 26 228 233 167 167 176 200 191 184 234 4 
193 87 206 110 12 48 109 4 20 180 187 102 167 29 181 37 69 175 59 231 204 47 184 232 188 104 52 68 196 151 184 154 136 82 247 79 113 58 0 89 3 215 108 18 253 204 131 193 247 193 
105 186 124 128 204 182 87 119 70 255 133 5 25 157 25 243 138 20 229 168 155 82 35 137 42 212 42 139 235 239 226 104 31 80 150 237 87 100 140 231 167 50 72 60 37 180 162 206 46 233 
170 26 61 198 9 227 91 23 195 54 97 100 229 166 120 237 204 72 233 57 133 86 119 94 47 126 105 161 168 144 239 171 18 96 51 139 194 96 213 105 54 88 236 207 173 69 12 32 148 88 
70 164 250 158 118 61 160 216 5 251 163 172 229 47 65 64 117 119 116 51 54 202 190 21 254 99 121 142 164 100 111 106 54 169 150 42 80 3 170 66 238 189 48 193 116 154 119 31 186 196 
177 224 102 120 76 255 71 66 136 77 117 233 24 154 127 18 10 89 79 116 137 65 63 50 138 187 255 204 126 137 98 48 121 254 250 202 204 68 71 248 172 66 0 139 81 38 57 27 110 196 
182 111 28 30 14 21 1 116 200 77 221 2 192 141 188 201 203 127 224 206 122 207 83 129 15 127 217 213 195 22 20 234 54 126 253 191 53 74 206 106 245 68 77 185 199 175 37 229 93 108 
20 151 170 254 205 153 210 126 20 231 229 197 35 160 245 78 31 147 186 27 228 138 177 254 16 99 9 40 216 185 51 53 32 180 158 148 21 68 76 246 2 121 156 11 168 233 193 86 78 252 
88 128 48 254 181 232 238 151 145 37 250 21 89 149 185 99 183 30 132 246 145 70 29 108 92 199 87 191 163 40 232 106 211 124 69 174 147 44 216 104 241 13 24 198 96 113 255 206 175 156 
208 251 0 235 160 111 156 141 66 180 115 77 169 106 79 48 78 10 123 75 130 107 250 112 5 246 29 71 236 246 193 76 82 70 1 123 139 23 180 32 244 236 253 81 66 23 110 163 206 219 
86 79 147 58 90 236 99 150 63 227 11 219 189 54 101 56 25 226 83 31 243 105 33 99 178 175 204 160 96 47 83 120 86 238 237 197 1 229 131 38 52 11 205 204 86 34 82 123 135 166 
237 78 242 176 23 195 255 190 190 130 95 146 175 27 62 26 109 192 106 152 207 127 208 67 42 101 124 209 48 96 255 74 174 1 121 136 7 35 154 78 251 133 81 90 117 222 129 155 195 29 
53 116 158 64 207 195 40 201 99 32 131 98 5 2 86 237 213 51 190 203 107 31 238 154 62 77 181 62 231 46 250 173 124 146 246 252 42 34 133 169 76 114 191 151 1 217 11 202 48 65 
2 151 72 239 169 62 116 65 1 163 134 16 127 123 158 165 142 162 207 95 143 78 41 131 55 149 28 211 161 178 65 210 255 57 189 164 213 86 141 104 178 179 185 43 170 151 248 64 95 119 
191 155 251 169 120 33 31 75 154 70 203 41 140 219 15 60 183 50 218 132 47 232 70 210 121 255 81 16 243 107 36 54 159 147 32 3 53 1 255 22 55 204 217 233 36 252 91 248 255 111 
213 104 130 227 252 96 117 17 25 146 217 69 80 168 139 68 186 59 41 143 95 40 143 73 86 111 131 58 73 197 43 191 143 187 63 233 76 9 30 90 186 142 205 19 120 33 117 149 233 182 
245 226 213 104 60 1 77 240 72 11 160 134 223 20 61 236 27 225 192 122 127 17 211 29 121 190 107 177 153 82 130 16 61 148 27 9 194 255 61 66 28 24 247 115 29 231 150 220 201 36 
9 1 140 231 112 35 25 176 83 170 82 208 9 216 250 191 224 164 142 3 157 150 42 111 8 89 156 68 166 13 178 211 10 100 62 162 7 8 231 123 133 155 53 144 2 105 130 118 190 143 
148 172 179 94 85 140 222 46 107 17 29 52 169 33 166 33 67 221 51 178 190 55 197 30 149 220 95 189 2 1 165 224 139 89 136 198 112 93 136 123 253 146 135 204 66 205 121 138 184 11 
186 50 43 246 73 236 238 21 187 187 150 174 73 167 254 83 168 24 65 66 80 21 131 252 143 115 123 245 225 17 196 139 75 88 33 67 195 224 221 59 118 181 12 180 244 105 61 233 65 9 
57 5 156 134 245 134 96 187 94 129 147 202 66 69 58 116 33 232 171 54 233 206 149 92 170 85 8 51 203 37 1 146 196 153 37 157 247 36 191 127 7 174 186 69 246 207 61 231 88 225 
109 119 23 122 134 43 193 112 70 216 228 250 62 31 175 165 161 9 45 212 236 84 205 164 208 189 209 198 160 254 155 66 117 14 38 171 243 126 122 239 78 248 123 72 2 163 231 171 71 189 
99 1 40 26 134 160 226 67 96 82 96 134 78 151 37 81 133 149 21 38 122 251 117 219 22 174 48 229 233 89 65 192 206 143 42 183 209 248 252 233 43 181 87 116 112 223 112 199 197 139 
160 181 76 4 167 49 243 110 254 53 193 98 211 215 104 170 245 178 230 63 205 30 56 148 185 153 194 81 118 129 81 88 7 41 211 221 235 143 210 105 203 144 106 188 180 223 21 126 248 214 
235 180 91 254 203 54 195 148 86 126 6 29 134 182 4 188 1 211 118 63 164 91 202 239 126 138 251 188 61 103 90 226 24 29 193 10 21 152 100 146 154 51 131 175 230 131 154 24 38 236 
225 80 102 239 63 62 225 241 33 192 37 95 155 186 49 253 87 204 111 183 155 240 13 138 109 225 116 3 12 21 16 126 37 185 210 212 198 177 15 235 241 23 153 134 143 57 192 33 80 45 
76 74 220 126 14 252 100 138 1 163 68 87 62 255 253 51 191 207 106 17 220 177 91 251 187 131 228 251 179 163 176 134 57 148 66 120 17 46 99 228 179 39 174 82 252 153 136 104 203 232 
213 66 32 35 36 221 69 94 116 167 226 112 94 152 223 51 226 145 13 141 46 240 88 242 117 158 243 165 118 210 235 99 144 124 214 174 203 86 222 240 80 45 221 241 121 7 22 146 151 156 
64 81 144 203 136 233 84 71 138 18 98 33 150 102 186 126 28 90 209 13 43 125 105 58 197 112 173 38 148 251 174 186 200 20 213 167 213 203 210 46 66 90 119 197 129 4 94 70 78 123 
71 254 24 37 123 233 90 38 78 255 62 210 2 30 13 221 185 164 60 100 128 246 165 241 194 158 152 110 34 254 242 149 229 198 31 116 122 255 233 158 82 153 53 167 72 162 150 244 101 66 
11 40 179 210 206 54 106 131 94 169 180 1 145 80 13 124 39 49 3 77 214 224 244 238 129 83 169 218 225 47 212 55 95 175 35 198 34 235 164 108 135 142 173 131 96 153 202 190 95 226 
218 203 7 209 93 106 200 204 165 93 7 166 65 113 115 132 105 160 236 45 221 159 76 7 29 23 104 40 134 219 46 174 119 89 54 60 11 69 42 144 232 84 42 26 146 90 42 104 35 124 
154 250 246 168 250 29 179 22 155 227 196 118 157 239 60 93 26 133 37 62 254 119 183 244 5 191 176 206 64 116 75 181 49 48 111 218 57 148 53 130 158 146 165 45 216 53 49 194 51 61 
244 177 32 210 234 113 96 25 51 218 4 212 87 205 187 211 134 147 150 219 11 209 163 207 107 153 135 215 75 143 161 119 48 146 151 147 232 228 130 221 2 180 203 69 58 50 193 75 5 54 
97 4 228 3 1 189 73 82 157 90 169 203 207 246 131 178 187 228 47 246 247 136 121 162 93 236 226 237 77 238 51 57 249 143 222 59 154 33 59 188 211 156 172 77 200 140 228 87 250 9 
163 160 251 19 4 126 196 62 102 69 236 78 16 220 18 124 135 62 230 245 18 213 7 97 169 206 229 165 44 57 234 222 73 165 219 87 42 178 104 0 91 111 84 117 34 69 212 253 118 91 
37 24 185 252 249 226 53 11 254 94 135 164 212 12 119 251 165 203 1 1 210 188 189 58 116 230 93 109 130 38 129 125 20 169 215 18 71 114 39 24 166 240 108 207 254 90 72 137 54 111 
133 53 149 13 39 210 104 102 21 198 121 62 120 22 49 86 141 34 184 208 8 181 178 75 90 225 19 107 241 234 239 229 112 185 119 157 235 123 3 23 81 114 94 238 25 217 1 189 204 54 
137 38 148 240 248 137 92 105 97 84 155 174 21 68 142 38 158 171 191 227 107 134 72 117 8 197 63 104 165 203 155 111 228 199 31 150 247 152 172 63 22 115 41 106 101 41 132 147 70 184 
8 45 64 77 122 33 111 184 43 252 98 175 132 73 171 100 223 3 137 111 217 53 140 86 24 102 8 79 54 24 234 4 75 104 95 246 78 230 244 153 13 114 178 36 20 87 169 89 169 9 
111 9 199 253 44 138 110 83 171 218 168 52 162 36 12 156 240 144 216 209 253 244 12 111 167 33 131 18 255 53 35 123 135 244 135 200 100 11 150 219 71 162 27 157 14 64 57 177 28 24 
214 164 54 141 105 85 195 191 78 59 138 15 116 214 34 162 36 227 227 113 158 108 102 177 169 251 253 164 43 76 223 148 113 219 171 2 70 65 73 149 123 83 105 255 251 43 29 121 200 16 
209 167 72 198 38 54 193 163 69 14 40 235 114 43 138 114 38 229 221 16 179 124 19 188 153 61 246 124 6 222 173 99 74 46 178 231 172 119 196 141 170 192 188 233 182 140 220 245 38 78 
235 246 172 211 213 159 73 188 61 121 148 140 117 65 19 3 213 127 225 58 194 174 166 158 238 156 62 89 81 52 58 200 221 150 90 28 133 250 213 173 11 37 7 24 85 152 55 179 82 15 
240 92 174 158 156 187 63 247 65 172 24 153 212 173 33 46 31 60 26 131 15 177 31 5 158 108 155 114 129 147 79 132 246 102 27 53 48 239 43 13 125 24 38 170 95 46 239 10 209 246 
38 23 197 201 143 238 171 214 102 140 167 145 11 27 70 235 217 232 24 22 248 186 246 232 55 184 245 134 225 108 237 132 88 48 158 237 158 220 168 7 219 216 218 216 191 153 94 162 98 113 
235 117 197 140 36 46 27 52 10 73 194 203 125 75 44 236 250 111 9 22 121 25 69 223 85 105 36 170 131 102 65 19 63 118 27 226 18 247 198 150 229 30 112 235 123 57 151 169 106 52 
67 197 223 134 113 38 18 68 24 223 162 107 225 83 120 1 128 123 63 242 14 67 83 193 191 126 202 11 182 103 148 182 153 26 72 117 43 73 11 68 150 87 252 243 58 164 92 132 180 75 
152 137 156 23 23 224 192 249 97 167 82 179 128 202 35 68 12 81 60 63 140 98 15 73 97 54 53 183 27 66 89 163 38 212 100 155 3 36 242 98 79 127 191 52 32 233 236 50 55 109 
77 121 145 69 55 219 206 242 148 182 161 109 147 67 192 71 147 143 231 220 196 86 109 14 107 166 237 176 8 132 44 0 58 158 138 1 59 227 254 50 58 242 6 110 47 39 218 113 40 107 
54 231 148 149 103 6 242 78 198 117 178 115 6 95 226 212 110 156 208 173 221 216 107 214 86 46 200 24 93 101 76 125 163 73 104 210 12 237 159 20 14 41 57 234 126 54 111 83 218 164 
183 38 163 80 77 105 119 16 232 139 210 196 124 100 121 82 144 223 126 175 227 223 161 143 108 126 77 119 88 138 173 176 204 245 6 83 155 0 151 104 17 98 156 28 211 112 221 58 148 219 
81 161 146 78 22 25 212 146 243 112 96 43 81 57 225 132 207 138 49 88 0 212 55 133 97 84 129 108 33 193 2 226 133 170 41 12 69 140 57 148 252 221 248 230 157 203 47 54 199 245 
146 130 58 10 119 168 71 71 178 227 205 104 7 55 31 90 207 187 36 108 242 151 236 255 30 239 172 134 11 214 207 31 37 232 28 149 77 190 245 132 194 66 217 127 105 209 198 152 188 103 
219 137 50 132 159 239 175 249 151 43 29 221 57 172 171 90 40 133 142 105 112 98 223 245 121 118 119 231 32 19 16 102 10 80 139 119 255 134 127 195 218 237 91 11 167 78 255 39 193 205 
32 168 33 245 83 87 9 31 224 136 4 131 146 174 34 47 24 7 119 139 54 157 154 222 81 177 123 241 97 198 131 179 66 200 165 235 4 17 32 122 226 243 22 225 245 151 32 176 1 71 
25 162 65 212 63 71 136 228 254 45 205 222 180 192 168 150 72 171 151 249 29 59 97 219 125 5 99 50 154 103 7 191 98 80 224 84 16 255 35 4 126 217 218 207 155 20 214 102 97 123 
255 211 65 77 82 36 67 95 169 173 133 12 228 169 254 209 153 17 91 18 205 135 180 62 140 135 227 47 28 185 98 132 234 141 170 170 64 205 131 19 103 195 253 11 134 70 156 208 157 184 
96 172 193 188 30 136 210 223 131 202 176 208 102 75 170 180 160 135 155 116 27 248 37 155 170 122 118 23 155 246 147 161 210 183 11 134 18 5 67 173 89 149 154 120 49 76 10 219 176 176 
206 50 148 232 107 234 176 140 1 122 239 19 202 105 136 195 171 14 161 203 234 14 178 73 234 250 8 226 243 156 190 237 40 185 243 70 59 122 135 195 219 159 183 47 155 50 249 120 126 188 
199 228 65 223 72 109 77 126 226 106 22 157 17 161 102 95 247 225 136 147 47 84 1 43 95 133 78 251 145 160 112 232 61 33 124 216 166 106 87 215 193 224 30 246 36 23 43 250 249 23 
200 244 251 202 247 65 42 90 131 120 130 204 114 55 51 247 167 253 210 189 112 160 121 157 243 175 166 156 149 141 219 180 81 118 0 251 152 211 205 4 9 221 60 191 234 154 53 132 4 117 
246 157 176 196 201 118 115 222 235 78 159 229 21 2 196 186 44 182 150 225 20 202 96 180 47 220 4 34 184 24 79 124 193 74 117 81 130 147 139 166 177 66 9 205 73 52 206 201 0 8 
226 147 253 195 219 211 17 63 142 80 117 84 197 83 198 49 107 219 91 60 2 29 129 139 154 160 196 237 149 84 187 252 240 75 162 237 205 2 114 137 150 164 8 2 220 18 116 82 31 68 
119 28 49 41 229 118 95 46 0 136 77 144 159 223 206 63 124 58 35 190 164 94 241 9 8 73 159 12 69 74 241 81 61 58 162 91 169 32 210 22 144 107 64 105 98 169 150 181 200 169 
34 219 134 14 238 241 55 255 12 57 85 240 122 214 11 140 193 172 78 98 96 118 151 247 225 61 67 227 141 216 92 119 230 68 193 180 86 247 232 67 183 233 18 186 122 183 79 143 111 29 
86 220 27 241 93 234 49 84 86 42 169 159 209 118 68 233 4 31 77 32 11 222 68 75 137 121 250 12 84 242 233 26 46 35 149 39 206 162 151 87 171 234 65 122 33 138 242 158 144 210 
156 174 112 135 141 77 239 237 201 71 220 175 80 101 244 251 123 83 70 128 32 49 4 18 208 105 142 127 209 206 177 59 167 123 200 71 221 246 89 34 83 240 210 131 120 117 11 40 87 160 
105 41 92 54 3 56 29 135 185 70 187 18 2 62 4 197 106 34 13 103 69 203 16 67 53 62 19 183 230 156 150 147 184 245 190 162 6 21 108 241 100 91 209 38 21 44 34 172 180 223 
21 244 143 113 46 81 88 45 177 147 74 47 114 201 4 43 133 168 206 249 30 179 103 227 112 91 72 32 98 215 132 251 203 125 68 249 42 173 58 36 56 115 65 215 176 247 7 81 149 80 
49 177 28 163 193 23 14 163 184 167 254 11 235 223 60 18 215 22 16 54 201 175 148 145 47 233 30 159 96 206 102 205 194 223 104 76 225 151 59 43 14 212 237 118 186 80 144 11 167 128 
176 246 4 94 194 222 246 160 66 2 88 153 40 92 134 229 35 89 250 99 81 66 32 254 90 216 78 141 143 172 204 75 119 29 176 202 50 188 238 0 219 140 35 173 38 77 152 72 51 124 
101 139 7 24 189 80 100 244 57 103 102 50 247 156 64 77 16 175 5 78 177 194 247 28 245 209 199 146 74 233 217 232 58 110 235 108 89 62 231 100 135 38 241 69 88 124 149 132 184 235 
154 240 35 251 68 242 255 45 252 175 46 50 111 224 253 102 172 208 207 225 180 81 55 185 35 102 51 141 50 43 242 127 72 98 58 6 216 11 145 83 233 149 21 123 11 89 170 89 182 247 
234 162 36 116 154 134 74 31 230 82 189 195 141 220 61 91 54 251 192 251 74 100 118 197 29 225 37 114 4 168 97 117 135 232 224 222 91 182 18 193 203 144 191 146 218 154 121 110 122 14 
89 217 114 68 14 37 72 230 71 230 51 207 184 16 185 175 123 57 0 184 61 251 70 58 135 185 190 44 12 226 23 198 247 65 70 121 198 122 35 250 247 6 161 104 87 6 54 67 244 125 
58 134 255 53 12 89 21 233 102 172 76 81 27 153 33 10 216 237 118 232 194 14 183 60 134 91 162 3 48 126 133 139 249 61 218 6 38 63 189 190 205 124 247 240 146 135 194 110 106 216 
211 74 43 23 227 157 26 70 36 233 82 211 108 180 128 170 47 209 191 183 180 182 4 152 134 32 196 116 182 185 95 186 162 198 230 240 207 244 200 218 25 142 219 110 249 48 245 139 246 93 
145 36 122 67 228 52 59 163 103 220 147 30 173 106 68 232 102 191 138 153 5 125 39 232 35 247 196 192 79 162 196 166 222 246 89 244 164 26 207 191 97 1 135 128 228 49 109 119 117 246 
156 150 154 64 154 166 226 145 62 105 192 213 7 86 86 192 136 121 117 70 251 229 221 99 8 137 251 255 25 103 214 236 34 224 84 18 159 255 62 193 152 230 210 213 192 5 123 201 154 178 
218 172 225 76 67 36 66 35 244 157 248 111 208 245 41 201 92 93 244 58 66 142 170 37 177 77 14 193 172 87 17 19 77 160 210 193 96 12 14 30 243 170 89 9 168 150 250 80 40 8 
157 45 121 157 158 231 100 72 30 32 20 71 205 214 169 11 120 171 170 83 247 11 130 160 33 76 136 250 152 209 198 96 205 41 101 222 168 253 115 173 244 122 204 188 25 207 49 33 31 96 
149 122 136 1 244 248 65 31 40 32 147 77 59 107 125 4 112 65 120 171 132 190 252 51 189 151 190 89 87 57 201 168 239 182 148 80 186 204 243 4 47 155 107 121 120 25 133 187 98 247 
23 151 152 243 5 160 217 151 85 172 209 3 84 88 17 115 156 72 207 61 100 120 78 71 90 207 234 145 253 108 207 1 110 39 210 44 184 235 99 70 40 87 231 230 233 202 222 227 194 122 
242 19 63 14 183 255 1 228 123 139 148 53 180 92 155 82 62 159 215 94 61 238 121 90 189 211 63 92 147 107 8 112 141 235 140 179 92 75 123 136 31 241 183 161 8 195 56 139 106 103 
100 91 116 241 94 129 58 115 104 205 48 154 75 223 223 82 194 239 56 64 179 71 76 23 93 23 122 129 158 199 144 178 163 78 154 187 175 57 36 174 55 187 79 208 27 145 12 20 150 147 
132 191 192 4 105 160 7 188 96 125 205 203 169 93 224 6 137 9 123 121 154 189 202 22 224 191 166 241 160 64 21 150 232 75 97 209 125 158 239 56 124 44 121 80 160 174 30 187 138 75 
76 67 64 76 46 79 59 125 97 34 102 26 25 27 13 196 45 214 42 82 104 234 39 22 15 205 199 39 249 113 247 43 120 213 141 211 85 172 230 17 187 107 53 23 56 172 242 177 66 225 
248 220 207 118 25 209 252 179 231 253 169 73 219 249 254 224 105 125 3 22 76 211 2 91 183 5 170 201 106 173 209 171 103 39 70 126 10 239 37 71 226 235 141 59 68 190 11 220 241 215 
163 142 168 146 244 192 6 142 216 252 22 132 29 80 118 111 53 229 93 94 92 140 155 163 28 71 116 75 140 166 178 216 183 84 244 226 19 40 64 91 192 225 185 29 223 144 99 211 189 78 
191 227 161 18 192 234 186 38 191 210 7 255 221 189 98 43 131 217 17 140 15 11 132 158 197 145 87 126 172 203 213 134 71 91 129 5 184 167 47 93 21 96 47 18 180 104 138 104 80 191 
192 95 122 221 79 108 91 181 190 37 56 65 120 60 58 211 168 229 61 56 211 33 231 112 219 183 70 29 227 112 89 47 35 136 2 231 22 153 19 194 235 4 204 102 47 101 34 2 207 155 
126 241 83 155 102 143 166 219 25 86 107 176 27 156 148 141 227 178 141 249 132 34 190 255 130 211 60 253 136 183 67 255 253 9 235 131 252 81 56 195 63 30 221 198 18 62 26 146 46 38 
