235 -219 197 -104 -68 55 98 -22 -2 -44 -107 44 118 -20 -3 -127 66 -40 -15 120 35 -137 -60 80 101 32 -198 129 72 19 -83 102 -3 -102 72 -60 26 23 -55 29 -107 90 -92 88 -61 -53 202 -136 47 -9 
198 -30 -115 68 -10 -100 236 -146 -36 82 -68 146 -202 118 -113 108 -107 217 -196 -35 1 28 131 39 -209 245 -100 -26 -122 238 -3 -83 -120 170 -174 177 -137 153 -14 -161 27 111 -110 124 -193 126 -59 -5 133 -167 
48 185 -61 -51 -86 42 61 -90 154 33 -140 128 -139 22 76 -172 17 150 -122 94 -93 39 146 -98 -137 241 -151 -85 200 -131 1 127 27 -126 90 -33 -94 -25 -32 29 -29 226 6 -87 18 -167 87 96 -156 183 
80 -37 108 -122 66 -44 50 76 48 30 -41 -137 95 72 -134 96 -16 23 -78 119 -126 -100 185 -100 -75 38 50 -4 -49 -56 112 65 47 -178 188 -146 112 -59 -88 10 148 -42 41 26 -231 45 31 14 70 25 
139 17 -78 -25 6 69 16 -5 -26 -7 34 -8 30 -99 13 -6 137 -125 -9 -40 190 -8 -128 109 -171 62 68 34 -188 73 -18 -40 64 -21 169 -168 188 -217 217 -98 -25 -102 192 -200 72 -78 193 -180 153 -59 
1 221 -199 96 -51 -31 202 -50 -151 44 76 -46 1 -14 -16 -20 165 -121 58 83 -193 8 144 -31 -125 104 -140 131 32 3 -123 -46 229 -84 -156 108 125 -154 152 -87 -97 55 -62 163 -65 48 -56 -130 80 6 
17 162 -4 -59 -18 137 -150 -65 224 -94 66 -179 -19 20 58 98 -161 54 1 -82 204 -133 -65 243 -39 18 -29 -154 115 56 -125 69 -11 25 -3 1 9 -74 22 29 -83 -76 154 -32 -52 146 -15 -71 40 -154 
74 40 25 -109 123 66 -57 32 -122 -20 140 -154 188 -142 18 -88 85 43 -122 85 -54 52 -60 8 184 -195 4 135 -172 0 2 128 55 37 -13 -103 -97 170 -107 40 -106 119 -74 63 -81 209 -232 33 164 -53 
102 143 -37 -39 -135 164 -99 50 69 1 -179 22 23 12 49 -97 13 80 103 -135 -99 -10 183 -143 33 31 -17 67 -74 122 -9 31 -143 153 -225 209 -154 93 -46 137 -75 -27 70 -181 52 -30 106 -66 134 -117 
141 -47 -33 40 -59 207 -22 -170 146 -177 143 -26 5 30 -65 -84 166 -135 80 54 -73 41 -23 -131 170 -167 200 19 -228 136 13 64 -44 -121 202 -23 -198 -31 129 -72 137 -87 9 48 -62 -54 37 123 12 -210 
85 121 -21 -77 54 46 -62 -136 106 99 4 -106 56 -73 54 -111 136 -62 97 -111 -7 40 -102 54 81 30 -112 135 23 -86 -97 165 -145 166 -150 142 -32 -152 79 14 -106 61 -6 -42 5 35 -78 153 -94 -56 
33 82 -54 126 -126 87 20 -79 157 -131 31 -143 177 -138 97 -90 104 70 -200 187 26 -24 -43 -129 30 112 -97 -61 64 166 -225 116 -76 62 29 77 -131 134 -70 -12 55 -96 97 -138 -4 127 -66 16 -82 -37 
18 11 74 37 -139 194 47 -22 18 -227 241 -239 48 77 47 -26 51 -68 -140 144 33 28 -76 51 -118 -45 205 -11 -166 -41 115 -36 -81 25 -5 219 -77 -100 154 -42 -10 -9 -129 164 35 -50 -108 90 -138 183 
122 88 -77 83 -8 -32 -9 83 -72 -132 181 -115 116 -47 -8 -70 33 -134 31 1 11 -35 6 224 -230 191 -11 18 38 -184 23 78 -15 -144 120 97 -64 -43 -100 211 -110 -84 53 146 -13 29 -20 -41 -176 60 
132 -33 145 -175 121 -172 10 200 -221 16 175 -154 191 -116 13 19 69 -183 151 -172 90 144 -236 37 117 33 -187 72 -29 -24 -15 98 -83 183 -121 -71 0 99 18 -107 -1 189 -210 205 -164 -17 34 48 136 -119 
62 147 -137 -13 -39 144 -144 167 -62 -53 -35 163 -93 -104 75 65 72 -25 3 -79 62 -82 5 -33 -15 38 -22 187 -149 -50 135 -175 194 -183 0 111 -112 165 48 -3 -153 -57 36 -44 146 -56 115 -130 -55 123 
163 -161 67 175 -134 55 -132 200 -100 26 55 14 -45 23 -27 47 -121 36 -110 206 -225 14 229 -80 -33 4 25 67 -39 -90 -79 -25 112 2 -9 -74 49 32 20 75 -128 -72 137 -107 67 30 -72 41 -13 17 
157 -50 47 -126 104 -122 151 35 -178 106 -75 181 -221 25 107 -81 121 -33 -28 83 -107 -15 -71 129 -61 159 -57 -5 -55 51 -156 106 -116 205 -209 124 92 -26 -135 102 -79 -34 16 82 -54 -46 156 -167 148 -83 
54 -45 16 12 26 139 -114 84 -124 -35 57 168 -168 171 -187 117 11 -34 -98 112 17 41 17 -56 -97 149 -12 -111 -31 122 -54 47 23 -173 -20 61 122 -176 126 -21 28 -80 -74 30 165 -114 63 -130 189 -125 
139 -19 102 -40 -102 168 -229 106 0 71 27 -82 63 42 -169 -11 11 38 91 -144 -53 93 6 22 8 -52 41 -75 30 -57 54 94 -98 -26 62 -67 -26 111 -28 58 -136 112 -77 3 82 -101 83 74 1 -100 
216 -176 -8 16 -19 -6 17 42 107 -150 200 -79 -56 39 41 29 -64 4 -64 -32 83 66 19 -113 -12 123 -206 124 2 -26 -10 5 143 -137 92 -76 101 17 -141 38 -89 83 54 22 -204 76 -87 216 -34 -61 
7 34 -1 30 -66 106 -92 80 15 84 -148 117 88 -73 -88 146 -2 -219 -6 -10 45 113 -85 80 -59 91 -83 3 -71 54 51 -85 159 -122 -67 -8 0 158 -145 48 51 49 -36 -37 -31 -3 161 -165 50 -103 
152 32 -161 199 -1 -215 22 100 -62 20 144 -215 138 65 -56 -12 87 -151 66 -123 75 95 -179 194 -136 80 -102 59 106 -83 117 -51 -9 -137 166 -18 -134 169 -200 55 -10 126 -171 75 83 41 -156 88 53 -162 
212 -116 72 -85 168 -87 -47 -80 45 168 -134 -18 30 -96 222 -205 159 -84 -39 -56 45 -36 47 33 41 88 -60 -93 -22 -38 141 -161 91 96 -25 -122 100 71 -22 -50 -46 51 -78 122 -79 -119 112 76 -40 19 
108 -43 92 48 -81 125 -87 9 35 -14 -51 60 -132 95 57 -191 144 -62 15 -90 116 -125 184 -22 42 -54 17 -143 183 19 -69 51 -137 100 34 -102 48 -75 15 -118 178 -155 37 46 -69 -8 100 116 -192 -14 
132 14 -43 -32 27 -15 165 -104 -8 64 -48 -84 -28 13 108 -36 -74 -41 167 -53 -19 -22 -41 98 56 32 -13 -176 214 -159 -67 107 16 -98 127 -51 97 -81 87 -203 3 168 -196 175 -150 118 -134 199 -96 -115 
143 58 52 -131 123 -122 -110 219 -216 91 52 -77 3 32 38 -84 49 74 -5 -45 36 -119 27 72 -157 247 -67 63 1 -102 -34 65 -58 36 -38 69 -148 -29 157 77 -169 179 -35 38 -209 148 0 -177 162 -87 
97 87 -142 146 38 -79 -53 -68 146 -123 62 118 -58 61 -11 -71 52 -185 21 -8 49 -46 222 -116 84 -153 -62 204 -150 191 -204 129 -164 140 -154 100 12 136 -90 43 17 -170 -22 123 -43 -59 158 -203 223 -215 
214 -42 -100 16 -61 169 -50 -74 29 -72 212 9 -170 -67 224 1 -238 41 214 -215 67 89 -2 7 -32 -38 -18 -20 17 109 -179 63 50 23 22 29 13 -134 131 -139 -7 143 -87 -101 82 -29 16 -108 76 146 
251 -43 -107 119 -98 -117 145 -30 135 -110 46 -61 -49 21 11 95 12 -14 -63 -135 73 169 -26 -51 -157 177 -130 156 -139 80 15 51 -220 32 112 17 -135 190 -128 102 -146 80 105 -32 -172 11 -27 63 -12 1 
135 30 -50 65 -135 210 -165 -47 175 -130 151 -24 5 -87 89 -211 244 -118 112 -73 11 -63 -90 18 -43 116 -57 144 -90 8 79 -65 -32 -5 140 -190 -1 50 145 -130 -99 23 97 21 86 -76 19 -121 69 -15 
229 -158 -17 87 -119 98 94 -95 38 -5 -94 37 -43 93 110 -244 227 -170 17 92 -8 -126 -37 147 95 -225 38 90 -122 2 25 120 -99 -27 -10 150 -33 71 -70 -114 160 -92 -2 24 28 -54 39 29 -69 44 
228 -211 59 1 18 117 -152 92 -74 -74 141 -86 162 -107 -64 66 -64 51 114 -157 195 -83 -128 137 -96 12 151 -84 -115 131 72 -143 122 -162 -20 -21 149 8 -61 -37 -43 108 -68 8 162 -99 88 -243 117 55 
79 -55 129 73 -226 251 -40 -130 128 -132 0 -73 228 -56 -150 50 79 -65 112 -193 60 84 43 -76 97 -41 -30 -133 152 63 -201 135 -117 56 108 -141 113 59 -69 -8 5 45 -86 71 -192 9 144 -17 -29 120 
239 -24 -7 -123 159 -49 -11 57 12 -246 0 144 2 12 -142 27 -39 194 -180 176 -107 25 23 -61 115 -23 -19 -27 20 84 16 -19 -166 60 -63 -30 56 114 -108 -60 143 1 79 -41 -162 20 119 -134 8 -50 
1 17 37 59 -25 107 -78 29 -47 14 21 -129 57 -29 166 -65 81 -33 -181 240 -218 58 114 22 26 -140 12 -21 55 -80 128 -191 46 172 -222 0 232 -136 81 -16 -113 69 -35 -66 43 97 49 18 -42 -53 
21 199 -116 -45 19 28 100 -118 68 -102 20 -38 69 84 -19 -114 40 83 -111 -24 -11 100 11 -120 74 64 85 -183 58 91 -182 191 -3 -124 76 -124 23 28 115 -76 34 -25 13 -71 164 -231 230 -177 -8 -5 
36 25 107 -146 -1 218 -186 15 -8 148 -175 192 -53 -163 55 185 -13 -88 -51 -44 154 -48 -9 -56 137 -32 -108 61 87 -176 103 53 -79 -75 126 50 -124 -37 -71 173 -31 20 -148 137 -37 -83 8 195 -227 137 
247 -183 74 91 -87 -59 27 69 -72 -24 -39 74 53 -161 21 -1 33 2 -9 -20 158 -88 67 -88 14 93 -18 -27 -77 135 -54 27 -131 88 -7 62 -150 16 -14 94 -122 228 -217 223 -128 102 -78 4 26 -128 
12 157 63 -184 -30 194 -83 78 -40 -74 -37 99 -16 -65 -69 169 54 -219 106 -93 169 -191 39 71 109 -176 -20 215 -225 167 -41 -34 6 65 65 -124 40 36 -7 -121 100 -114 196 -63 -147 130 43 -5 -131 6 
182 38 23 -43 -80 45 -117 101 99 -117 36 -122 -26 36 34 61 -22 106 -77 16 -136 -36 164 -112 110 74 -203 34 144 -87 35 79 -70 -10 -15 -7 33 -88 102 -151 188 -67 -114 124 10 -35 52 -16 -126 148 
139 96 -157 -25 15 168 -145 138 -113 100 -22 -13 53 -169 -55 158 -58 95 38 10 -213 18 -53 91 46 -48 -86 137 29 -55 -43 -54 11 153 -173 190 -41 -6 69 -225 166 16 -182 49 147 -187 209 -125 50 52 
96 9 -23 -33 -1 167 -193 -4 35 152 -112 -78 182 -105 -57 -13 -20 154 97 -86 -5 0 -71 104 -93 92 -143 49 148 -96 -26 -31 -70 62 32 -19 25 -22 89 -91 21 -44 -6 132 -11 -161 45 -7 165 -66 
149 83 -92 -122 182 -88 40 -57 -90 208 -2 -36 -119 -28 21 195 -134 96 -2 -68 7 -37 53 -12 -85 127 -41 37 -46 -72 95 -126 -23 91 40 -35 -53 27 96 -110 -20 -48 41 49 38 -23 -63 118 -66 -6 
6 223 -117 121 -192 63 23 19 -32 -82 204 -199 196 -139 -36 -39 98 59 34 -150 -59 239 -33 44 -150 -42 32 15 120 17 -203 97 88 -98 32 43 -154 136 -183 239 -120 -40 148 -95 113 -7 -169 149 -35 -30 
59 79 89 -156 123 44 -130 111 -197 21 181 13 -172 9 -38 151 -131 -41 39 14 172 -96 53 -140 31 121 -25 34 -56 -81 52 11 -47 -83 220 -175 158 -201 75 35 33 -131 63 163 -103 4 -153 161 -103 -41 
200 -103 56 26 75 -238 214 -174 51 -27 18 -92 115 -47 -53 179 -115 129 -22 -109 -22 17 46 13 64 -107 -23 27 4 43 -141 73 79 45 -196 145 -1 -136 186 -181 214 -102 89 -162 13 54 -112 83 65 -30 
116 18 -108 127 7 -125 57 -73 53 71 -125 108 -70 82 101 -29 0 -88 -53 96 -81 7 68 -19 56 5 -27 -26 -43 -71 216 -164 -8 92 -1 -61 -89 202 -148 0 -51 5 111 -91 73 -72 68 66 57 -20 
27 148 32 -170 101 112 -241 61 143 -122 160 -76 -77 -56 60 22 -113 63 180 -252 149 -35 -69 61 -89 74 149 -111 86 -14 -2 -23 -69 20 94 -66 -130 96 84 -94 -64 -40 20 58 68 -32 -15 -25 38 -20 
59 148 -79 -27 -2 65 -142 163 -172 241 -182 111 -132 134 -103 127 -73 56 19 -94 -14 -40 73 99 -185 112 -29 43 -1 -130 101 -100 71 -36 45 6 42 -174 246 -193 87 36 -83 -41 158 -179 -11 202 14 -21 
94 -65 -23 130 -115 190 -8 -201 200 -23 -148 167 -154 122 88 -107 -127 96 -22 -3 69 32 -57 16 -9 -23 -83 -14 198 -158 -51 137 86 -68 62 -55 -104 82 -121 44 69 62 -12 -11 -40 -122 44 56 46 -165 
79 141 -31 -143 -12 105 -118 -12 116 -11 100 20 -58 -170 94 -13 -84 134 43 64 -191 -52 250 -58 -46 14 -106 83 -28 -13 92 -175 -6 207 -106 94 -52 -7 -136 55 -2 105 57 -1 -216 220 -49 63 -121 -96 
36 157 -72 1 -63 -47 138 -33 -88 123 34 29 17 -159 105 -25 68 -23 -20 -18 -139 179 -94 -16 62 -61 57 -69 87 77 -106 118 -209 193 -217 39 81 58 -168 -15 46 93 -106 70 107 -216 0 22 37 169 
83 132 -118 33 -57 124 31 15 -174 92 -133 161 -65 38 38 -107 -63 24 -10 -44 127 -61 139 -152 85 38 17 -81 131 -60 -97 125 -27 -78 42 15 84 -236 130 58 -120 38 -68 88 -90 187 -77 -145 61 -6 
220 17 -200 212 -142 45 24 -160 179 -11 -168 -10 9 -7 179 -92 -68 139 -105 160 -30 -91 80 -24 40 -133 -42 125 106 -200 144 -80 133 -60 -46 -66 -19 68 50 27 -121 35 137 -192 155 5 -209 24 204 -161 
57 132 -42 -96 132 37 -209 194 -25 73 -4 -33 -114 102 -165 130 9 76 -152 -100 63 -4 -60 8 104 69 -21 93 -179 -46 57 -76 128 -116 77 78 -88 13 -3 26 -101 62 -10 -69 156 74 -187 -20 -3 28 
8 18 -13 102 35 48 41 11 -111 78 -90 -30 -85 114 -113 28 37 -64 81 -56 -24 53 -29 18 31 -50 171 -196 115 77 -171 8 139 -111 36 56 -82 -56 206 -129 80 -115 79 -140 87 -76 17 83 68 -155 
20 138 -116 39 135 -182 81 95 -4 -86 -29 -67 119 -82 191 -75 -133 110 70 -51 1 -37 55 -113 -52 38 163 -3 -36 -87 2 -94 90 136 -104 -5 -77 -27 30 74 101 -155 -56 192 36 -62 14 -3 -119 -48 
208 -67 68 -196 14 75 100 -160 5 5 77 -7 105 -198 154 6 28 -10 31 -157 171 1 -188 145 -135 -65 23 28 -30 118 55 -109 92 60 -77 -149 162 -133 116 -52 -106 178 -81 -58 84 -14 -89 170 -13 -75 
71 119 41 -60 -146 155 -87 22 134 -85 -161 189 44 -157 -12 146 -177 -30 50 4 147 -181 180 -26 -136 -12 53 22 -53 -20 201 -151 6 -77 103 -30 -36 125 -157 -10 80 79 -61 30 98 -180 175 -30 -159 91 
236 -101 -83 0 -17 15 -16 185 -53 -5 -159 72 71 3 -105 -28 40 101 -33 -90 68 17 -34 79 90 -150 -43 138 37 -140 105 -185 204 -62 92 -39 -134 -24 -1 190 -215 158 -66 98 -110 -77 116 -56 88 -27 
138 88 -67 -5 -86 138 -77 102 -138 107 -112 33 16 33 -132 56 159 -230 74 -14 -26 133 -131 -2 49 -87 115 -120 149 84 -8 -36 -69 -106 222 -194 128 -76 131 -61 57 -8 -64 54 -42 -43 -6 -97 199 -188 
90 38 -73 20 -39 125 36 -85 -44 41 50 -126 27 124 -121 95 -23 -70 -36 9 59 -23 10 -41 32 61 -17 -84 163 3 6 -38 3 17 14 -55 -84 132 -16 -59 -60 173 -134 75 0 -85 42 -78 11 -3 
127 -3 -5 69 58 -132 -67 12 -40 170 -135 106 -82 65 13 -74 26 95 -171 127 -50 98 -24 -8 53 25 -4 -9 -53 -31 95 -12 -96 84 -215 230 -31 -81 105 -99 -80 68 47 -75 -44 -38 150 57 -82 30 
53 8 54 -32 -26 4 111 83 -36 -40 -17 74 -72 -46 -82 44 164 -210 138 -155 -6 167 -61 -36 -69 175 -113 -45 106 -10 -47 90 66 -92 -63 175 -36 -29 -189 54 193 -167 -46 73 72 76 -29 -100 25 61 
241 -128 -112 76 44 -47 18 15 39 -145 26 20 40 55 74 -11 -77 -96 170 -139 90 -54 60 91 -220 81 -109 127 22 -14 67 -201 249 -234 200 -37 -133 63 137 -46 -131 115 -116 -4 140 -51 8 38 -104 62 
54 -1 149 28 -117 131 -208 136 17 -117 108 -45 113 -115 109 -179 138 37 -197 103 14 -153 64 -20 194 -133 96 -40 60 -101 -81 5 55 142 -106 -118 44 52 -103 171 48 -134 25 -124 237 -78 66 -64 -42 8 
210 -2 26 -70 -99 -36 169 -176 131 -39 56 6 -113 5 85 -149 168 -41 -119 37 193 -221 130 -11 -58 -10 120 50 -240 156 -72 31 -33 -10 20 53 -85 -38 9 3 169 -158 173 24 -125 -108 234 -187 -28 188 
173 -54 -21 76 -76 101 31 -12 -55 66 -168 -6 9 150 -23 -189 45 178 -37 33 -6 -108 -98 177 -186 226 -24 10 -133 -49 49 13 -30 108 -92 114 62 -64 -111 33 101 -91 28 -83 65 117 -185 12 1 109 
16 120 -22 -112 137 -35 -6 148 -32 -166 -35 14 140 -127 170 -143 158 -47 -3 -50 -17 -37 13 32 -77 104 -37 76 -86 -31 177 -34 -69 62 -123 38 127 -83 55 -4 -72 -93 53 91 27 -30 -102 -28 11 107 
164 -56 -5 136 -113 -33 71 -120 -40 186 -38 -126 19 15 -18 33 71 -51 111 -138 -6 174 -222 -3 29 140 -123 169 -187 155 -94 -60 170 25 -229 249 -216 148 34 -125 102 -49 3 31 -131 114 -127 6 92 -104 
16 103 -21 50 -55 -24 99 -137 106 -93 -38 58 22 -74 179 33 -12 -56 39 -30 -125 70 0 -7 -1 71 -115 -14 5 -28 209 -209 65 15 126 -9 28 -104 -114 8 218 -156 -17 102 -31 34 -162 106 12 -46 
164 6 75 -121 81 -165 76 50 78 -43 -198 239 -44 -74 17 2 -53 90 -49 -94 128 -123 191 13 -177 -55 52 -46 155 11 -134 189 -76 -5 -31 81 36 -109 -50 97 -132 195 -54 -174 164 -8 73 -160 156 -141 
201 -24 2 -30 94 -19 -126 -47 140 -88 151 -243 222 -225 68 15 -65 11 29 -35 10 94 81 -60 -137 157 -38 4 -73 24 -36 146 -63 1 -9 89 -85 82 9 -225 134 28 51 -125 105 -91 124 -193 160 30 
148 33 -53 -37 78 -43 108 -177 18 -5 113 -23 -89 -39 210 -145 25 53 -152 19 75 115 -132 46 75 -39 -72 82 -106 69 90 -129 -111 171 59 15 -130 -110 68 72 79 -48 -113 81 -16 8 -22 -12 -44 -19 
166 -5 53 -77 -104 86 -82 -34 18 16 211 6 -55 -51 -141 233 -74 -159 241 -225 116 -78 178 -124 114 -85 -106 24 166 -178 90 102 -131 141 -173 3 45 -8 -108 121 14 -35 -72 124 -154 220 -211 -4 220 -213 
216 -131 159 -59 -156 156 2 -4 70 -1 -165 163 -128 -96 51 -19 6 131 48 -168 117 -8 -128 191 -84 23 -177 152 -128 19 101 -31 80 7 -125 10 138 -134 113 -165 131 27 -22 32 -104 4 -63 114 -91 -55 
92 146 -62 -93 40 -62 120 3 -124 98 -96 148 -172 -38 212 -84 92 -104 51 80 -10 -22 1 6 -162 50 -42 80 39 -115 27 109 -157 -24 25 -28 224 -30 -133 110 -38 -113 48 -6 -47 41 153 -94 -22 -117 
98 137 -49 6 -174 9 43 66 -85 153 -78 40 -89 160 -60 61 -131 44 43 -52 -117 147 -52 22 28 -87 12 26 -100 2 79 21 -89 128 -154 216 -82 84 7 -102 65 -34 -74 109 -122 116 -156 104 -131 43 
22 -12 7 14 41 -59 224 -22 -27 -175 111 -109 26 152 19 -79 -3 -1 11 -24 84 -134 -30 122 -76 -45 132 -95 -44 225 -13 -148 -77 156 6 -91 133 -132 -73 148 51 -43 -134 107 8 47 -173 151 -20 -148 
184 -175 138 29 44 -154 169 -128 -70 116 -36 -104 46 156 -179 13 177 -188 49 -32 48 -24 -20 149 -200 221 12 -81 -13 -133 95 -73 119 -51 127 -1 -178 70 75 -17 -153 169 -103 160 -217 -4 195 -45 -52 -95 
150 20 31 -23 -23 -51 -56 203 -24 -61 -22 86 -222 43 86 44 55 -34 -176 14 196 -3 -211 131 -94 -25 62 -77 204 -46 41 -92 -79 -11 126 -27 -72 129 15 -41 -2 -15 -74 -5 103 -148 143 -103 101 34 
249 -74 -9 -108 40 -92 51 19 -69 182 28 -183 -19 -10 197 -53 -97 39 30 131 -172 12 72 -92 151 5 -212 49 38 112 24 -206 177 -144 -25 146 -14 -106 -61 143 30 -40 64 41 4 -58 -93 81 -170 94 
49 199 -58 -135 125 58 -81 72 -121 -28 70 2 -82 112 -154 183 -145 98 50 -80 -61 79 37 -169 46 141 -28 73 -21 -195 33 135 18 -7 -170 84 -24 -2 129 -164 89 -15 -134 140 45 13 -165 0 55 124 
27 137 55 -166 180 -82 11 -3 71 -27 -105 67 50 23 -60 -33 -59 -68 223 -64 -165 53 72 110 -101 -131 21 119 -126 -20 45 57 -34 -4 64 15 -95 174 -218 161 -120 6 69 -90 207 -29 -168 142 -185 101 
47 -12 64 -5 12 42 84 -153 -35 198 -205 142 -53 -60 -34 109 -135 120 4 67 -115 31 124 -65 21 -139 -3 120 48 -130 100 14 38 -108 120 -244 68 -28 55 21 -58 31 86 35 24 -200 109 -98 44 16 
60 139 -196 134 -98 110 -121 11 145 -58 -61 131 -11 -115 -19 -32 6 55 51 3 105 -226 94 -60 140 -124 182 -6 -231 46 131 57 -142 113 26 -189 -23 95 111 -176 166 -153 -65 122 -18 -75 103 -102 30 151 
188 11 -102 -27 -43 118 -17 -59 4 76 59 -198 51 172 -179 159 -136 -50 -3 155 -163 188 27 -44 -27 -25 -121 24 36 153 -214 208 -91 -67 164 -68 90 3 -161 134 -212 126 30 -125 -31 100 -47 88 2 -20 
37 -13 206 -213 52 29 -62 84 57 -22 -40 103 -43 24 39 -139 -89 73 -36 205 -175 125 -5 -77 -12 5 -35 73 -80 47 15 -123 76 125 -191 189 -127 120 -25 52 -92 97 -134 119 18 -56 -56 24 -133 37 
216 32 -4 -115 -26 4 -79 162 -150 31 58 -94 69 65 24 -96 143 -122 95 -149 -38 77 -37 90 80 19 -149 73 72 -160 141 -186 -29 216 -67 -21 105 -27 -3 -185 206 -241 85 161 -41 -161 -34 84 161 -168 
236 -159 39 -80 43 -61 71 5 12 123 -137 137 -153 135 -145 -38 55 120 -118 -2 104 -138 117 -48 -36 9 78 -79 -31 -52 210 -27 63 -14 16 -219 213 -191 145 6 -158 78 -14 51 -90 123 -37 -122 207 -36 
125 -122 129 -82 -10 138 -129 65 48 -109 138 -87 35 -1 -132 215 -119 -32 -34 166 -145 74 35 -64 -50 -42 -10 219 -187 11 -22 75 104 -61 36 -110 82 107 -175 -39 106 -117 21 135 -44 -95 168 3 -40 -93 
82 113 -41 58 18 -142 8 -77 131 13 34 -150 123 -54 -7 -5 -40 53 136 -204 20 -12 66 -39 1 -49 -30 120 -115 54 60 -62 27 -9 114 -10 -4 -49 -40 -40 192 7 -121 16 -19 -50 120 -1 -92 -95 
108 50 -41 -102 87 80 -160 55 24 37 115 -138 4 37 -64 22 67 -113 172 -119 -61 156 -213 103 142 -146 132 -2 -121 12 -18 -55 -38 70 -45 140 -88 110 38 -59 -105 133 -41 -9 -120 3 30 151 -15 12 
113 65 -78 -46 -21 -28 191 -2 -66 -62 -25 48 100 -85 148 -139 47 -45 -69 170 -204 54 101 72 -64 -87 77 -53 83 -66 26 -93 -46 147 -37 98 -93 -100 171 36 -233 19 55 99 5 -114 123 25 -64 -135 
247 -146 67 81 -166 150 -39 34 -125 98 -114 41 -124 51 148 25 -35 -155 3 168 -182 169 -39 -84 126 -56 -70 147 -141 100 -105 161 -99 48 -139 -18 171 22 -181 20 28 -84 93 119 -79 11 -108 160 -92 -10 
70 144 -27 -154 142 -53 132 -144 87 -7 -112 15 119 40 -100 -18 17 -82 156 -215 183 22 -170 21 57 86 -208 114 95 -136 115 -20 65 -119 37 7 -52 136 -163 -25 182 -114 37 54 -158 183 -160 149 -169 49 
92 -90 121 -98 171 -176 164 68 -167 142 -15 -74 103 -191 177 -123 -11 43 105 -115 129 -36 -7 -26 -122 -39 38 100 -135 66 -78 157 44 0 -144 61 -71 33 150 -97 -35 24 -83 176 -23 -204 10 61 17 157 
173 -36 -13 130 -46 24 -152 96 49 -135 -58 132 -17 20 16 22 14 -185 127 -104 173 -171 -42 -6 141 -127 26 -50 82 -27 -49 36 172 -150 28 84 -45 -132 143 -9 -62 25 97 -154 -19 89 10 -99 137 -76 
154 -74 80 -46 138 -252 173 -80 88 -139 208 -81 -54 90 -131 119 -73 12 77 -164 35 139 -23 -104 152 -206 121 -130 -26 204 -4 -185 174 -167 3 20 200 -193 32 19 86 -150 140 -127 132 44 -21 -122 -48 151 
207 -164 119 -122 197 -122 91 -88 108 -69 -4 17 37 -66 3 -122 141 -24 -113 169 -187 244 -186 137 -118 160 10 -100 0 -123 215 -14 -34 -35 19 -21 -75 145 -53 -22 -16 3 -65 99 39 -150 112 -84 -78 93 
219 -197 116 -93 -37 130 115 -74 -151 34 185 -53 19 8 -98 97 12 10 -178 -19 168 -82 40 -5 27 -83 133 -158 87 -25 -64 167 -171 77 -31 79 -99 30 53 -68 125 -164 -78 96 27 -95 107 -85 197 -16 
17 108 -46 -19 154 -33 57 -106 -10 26 -97 154 -88 -100 227 -40 11 26 -55 68 -135 -55 25 21 116 -22 -67 73 -88 12 14 103 -175 74 84 9 -91 19 34 -196 22 125 24 -119 -21 165 -111 50 -104 -40 
190 -95 -11 -42 172 13 -169 167 1 -161 -45 201 -202 24 -36 209 -147 144 -59 7 -68 39 55 -99 131 -65 57 -179 41 178 -28 -86 -75 -45 35 91 102 -201 98 100 -168 152 -131 124 -62 -72 145 -97 -111 20 
53 93 43 -133 -56 234 -109 -41 169 -73 13 -50 -32 3 135 -130 -25 -52 51 42 -51 83 -47 -110 122 7 -123 79 -19 -60 55 20 122 -93 -48 118 -162 109 76 -157 34 108 27 -103 -67 -17 85 -27 23 -80 
83 -55 71 -70 138 42 -181 162 16 -141 83 33 -160 9 130 -105 -39 109 -83 57 -96 148 73 -205 76 144 -81 30 -127 72 -48 -72 174 -114 173 -136 104 -191 28 43 -45 -49 95 -63 53 71 41 5 -98 31 
170 -138 169 -5 -142 49 136 -137 129 -200 9 47 64 90 -234 23 195 -173 14 -27 64 57 20 70 -169 -16 102 -130 68 22 112 -202 195 -207 95 -84 201 -149 -30 32 63 -47 -30 34 44 99 -155 -35 67 55 
105 37 53 -68 -96 57 -22 171 -198 192 -27 -14 44 -38 -111 75 28 37 -160 111 -60 49 22 -144 97 84 -31 -191 76 -55 164 -9 -175 226 -127 -41 74 -77 5 101 -72 -65 187 -87 -49 10 113 -170 215 -51 
197 -77 -27 74 -143 36 88 -25 -28 24 -56 139 -78 21 -7 -79 190 -40 -125 53 -119 105 -14 -81 150 -88 0 165 -122 -130 132 30 -95 87 -79 117 -22 -85 27 112 -127 -32 144 -80 64 58 -17 -133 -19 155 
71 152 -40 44 -182 7 110 4 -82 -58 151 -57 24 0 38 -158 186 -14 -167 199 -76 18 70 -199 5 1 -19 169 -108 109 -158 162 51 -188 142 -35 81 -116 -15 130 -182 33 32 113 -130 -42 7 -41 7 90 
206 -82 0 121 -38 -97 42 -65 -5 -1 -40 87 -2 34 33 -170 69 33 85 -125 159 -147 133 -126 92 -184 48 149 -63 21 5 -31 -26 59 12 12 13 -64 -27 75 -59 -63 45 109 -94 19 -122 3 4 168 
243 -111 25 -85 178 -205 53 18 -60 195 -217 35 -36 -4 27 185 -13 -114 -74 173 -142 -48 154 47 13 -120 136 -191 84 29 -5 10 9 -50 84 -156 42 93 -129 44 -44 2 111 -52 -46 -65 102 76 -95 28 
27 61 20 24 3 45 -127 174 -127 -50 204 -97 29 -98 58 -75 -43 214 -4 -182 167 -199 190 -200 214 -64 -117 96 34 -14 -94 22 143 -116 -25 154 -140 98 -68 -49 41 -107 3 146 -138 77 -106 148 24 -71 
222 6 -182 33 -25 47 -5 57 -131 51 -66 167 -2 50 6 -98 -121 160 -23 8 -32 69 -152 -11 8 33 43 94 -52 75 -20 -99 -63 201 -14 -220 155 -56 -19 -78 -12 247 -62 0 -93 -77 134 59 -80 48 
209 43 -58 -169 216 0 -47 -173 34 -10 27 -25 131 -88 -63 126 -12 -49 -29 66 -28 38 89 -74 24 70 -46 -162 213 -159 39 111 -199 45 23 114 -60 -52 -36 63 -108 86 -25 130 -133 118 -187 157 -136 130 
232 -66 29 -40 -53 -12 48 -124 -2 125 45 58 -178 -57 104 -37 34 -34 74 15 8 -79 160 -84 -151 90 142 -192 -25 45 175 -28 -195 220 -191 129 -128 124 -14 76 -87 50 -24 -133 52 59 -143 57 155 19 
25 66 106 -97 -64 192 -54 -93 170 -143 -9 142 -217 28 20 -51 181 -72 122 -34 -17 -141 183 -181 -27 211 -167 -23 151 -90 -42 179 -61 -56 -73 70 4 -82 156 -174 127 -20 67 -154 47 -65 90 -116 118 -131 
19 118 -58 73 -55 -33 100 -107 59 66 -135 201 -174 -28 198 -55 -116 52 128 -147 55 -63 50 9 -136 8 118 32 -160 41 27 106 -74 31 2 -131 -15 234 -109 -89 68 -41 -30 51 134 -57 -70 -14 43 -92 
205 -94 78 54 -12 -17 -208 178 -48 39 64 -24 -95 -72 180 -140 -67 92 -47 113 -160 146 -65 108 -124 52 14 65 -5 -163 85 -56 -37 189 -44 -83 65 46 -72 15 -122 10 21 155 35 -113 72 31 -218 201 
2 62 179 -53 20 -99 140 -66 -165 198 -63 28 -119 160 -197 126 -48 60 69 -190 28 -57 143 -156 62 -40 63 120 27 17 2 -158 127 -77 2 -80 49 18 22 -60 121 -120 -69 14 110 48 -55 -10 -39 -25 
2 177 -107 -60 58 14 146 -83 -96 130 -61 15 98 -73 -81 103 -10 42 -21 -22 62 -130 5 140 -110 64 -44 -101 110 81 -53 -116 141 -202 52 63 66 -182 -8 82 -51 132 -44 -22 92 0 -117 -25 123 -160 
33 95 -101 211 -220 180 -44 3 -76 19 46 18 51 -3 -184 65 -50 201 -130 127 -103 -25 117 4 -221 177 -92 41 -39 -76 197 -66 -144 202 20 -108 -82 125 -139 170 -20 -122 51 -13 57 -86 101 -121 -24 11 
237 -182 76 -101 45 -64 24 41 73 -103 161 -152 100 -151 154 -52 52 17 -166 136 47 -75 -7 128 -43 39 -223 121 -20 97 -166 10 19 82 -142 39 -12 90 92 -89 -77 -5 21 94 46 -209 205 -81 -13 73 
0 53 0 -27 196 -122 20 -96 131 -132 212 -201 205 -207 57 122 -42 -48 72 -70 100 -16 -197 183 -122 110 33 -19 -156 86 13 -83 68 52 -32 39 -56 -27 138 10 -180 46 -65 116 -6 74 -204 34 -31 58 
121 129 -140 81 -185 160 68 -70 5 57 -1 -108 102 -105 63 -41 63 -28 39 -19 38 -166 90 -74 169 -21 -2 -125 17 67 10 -97 137 -215 199 -193 122 -22 -13 -78 36 41 1 2 -50 44 58 86 -111 113 
232 13 -74 61 -76 -120 196 -146 32 -50 68 -126 168 -56 111 -136 156 -128 22 103 -81 -55 -78 164 42 -235 40 57 -67 -18 59 19 97 10 -128 27 53 46 -2 -65 -134 204 -21 -40 -25 -64 -19 119 68 -117 
236 -40 -55 -10 115 3 -25 -69 52 -61 -79 -33 82 22 80 -144 44 21 -90 16 96 -48 41 -110 193 -72 11 48 12 -196 34 -13 78 102 -40 -131 75 -62 48 20 -124 145 -99 118 -109 -74 86 48 35 -50 
209 17 -136 150 -200 93 8 -5 102 -11 -212 94 117 -174 7 -31 -13 65 126 45 -119 102 -222 46 80 -110 5 112 -58 72 -57 -73 93 -81 103 -28 107 -96 -75 171 -133 -41 115 -157 64 -65 95 1 41 -29 
112 119 -163 -15 184 -106 93 -133 153 -122 49 -112 -31 193 -92 44 58 -30 -200 131 75 -14 -22 -13 -126 25 36 43 17 -36 62 11 1 -96 126 -137 2 112 13 -33 63 -117 126 -179 146 -23 -36 46 -78 44 
232 -23 -209 99 -79 125 90 -146 54 -20 121 -75 1 3 56 -61 49 -64 49 -109 -20 103 8 -178 50 95 -145 161 -131 -20 226 -33 -207 14 235 -78 42 -138 4 136 36 -50 -73 84 10 -115 97 -28 -171 103 
64 49 14 37 -21 -22 -20 -7 51 94 -11 -61 23 -164 80 52 65 -172 181 -177 42 -13 -54 56 -40 -31 151 -76 135 -49 14 -62 -113 90 -86 183 -9 -88 108 -171 42 39 -26 1 -13 -51 116 79 -5 -119 
140 83 -190 207 -164 88 1 77 -217 211 -6 16 -22 -1 -72 -88 4 -41 202 -103 -101 122 47 -169 79 -74 221 -129 -92 114 91 -100 -5 -35 -69 107 -23 -53 76 -105 140 -78 157 -34 -9 -122 145 -4 -87 50 
56 82 55 -20 -110 -9 -10 134 -60 7 75 -62 -58 107 17 -159 23 47 61 71 -74 34 -123 -19 79 24 78 -32 -135 -57 231 -252 57 31 -14 -6 47 -36 161 -178 -34 65 123 -58 10 -92 41 6 114 -140 
209 -77 62 -147 171 -21 -111 -50 43 123 -6 -145 33 42 -75 106 97 -246 46 6 -58 131 84 23 -206 47 30 91 45 -219 18 11 193 -1 -120 -96 2 -7 -22 71 -28 -4 -7 57 106 -42 -132 98 24 -128 
164 -85 90 54 -213 93 108 16 -77 -34 -22 23 23 -12 -103 -25 189 3 29 -23 6 -123 -5 90 -129 -17 193 5 34 -116 43 -30 -114 27 -54 53 -40 -14 2 67 56 -1 -94 28 61 -17 -10 -19 -57 175 
229 -153 -63 145 90 -33 -39 -133 176 -176 -7 74 122 -51 -176 126 -53 36 22 32 54 -93 -80 124 -91 -23 168 -76 -125 89 52 72 -85 -100 -48 176 -26 -104 56 -16 147 -64 -111 -19 -7 175 -17 57 -76 -26 
135 -105 -12 132 -66 40 -7 -18 57 29 37 -97 43 -63 106 0 -187 207 -180 147 -197 8 153 -18 -22 7 -86 177 -198 181 -148 37 91 -80 75 -163 13 116 -101 87 115 -82 65 -3 -31 -112 170 -8 -204 117 
158 -115 101 -49 155 -140 112 -132 74 -153 168 -12 84 -134 136 -154 30 -28 6 -56 2 82 -18 121 -54 -39 -50 -7 -60 164 -99 48 -71 104 -142 69 38 106 -30 -73 -57 85 -146 11 111 61 -45 -70 -37 163 
206 -42 71 -126 -101 204 -76 -124 221 10 -231 170 37 29 -205 79 -116 211 -21 -65 -87 174 -45 -96 122 -15 -16 81 -225 180 -126 159 -8 20 -161 75 -73 30 104 -54 19 -37 -3 25 -149 160 25 -126 99 8 
178 -134 181 -81 -59 77 66 -191 -14 -1 -11 -1 113 100 -9 -183 8 20 70 32 -23 8 -128 -18 96 48 54 36 -222 102 106 -143 -5 -14 1 7 57 107 -118 140 -8 -6 -208 135 -11 33 -95 -56 145 -178 
141 -122 -12 43 29 -60 64 37 68 -150 -37 50 147 6 -42 1 -36 -127 93 97 -43 -84 35 -13 -76 73 0 -57 197 -206 61 151 -78 12 -126 25 91 -130 105 -87 -8 46 18 -32 144 -98 83 -181 157 82 
71 43 3 58 21 -136 113 -29 -48 156 -69 -40 42 -73 30 30 -167 93 48 -110 126 -98 -21 129 -31 -46 141 -72 -78 35 50 -94 170 -103 54 -172 14 189 7 -160 95 4 -173 154 95 -178 -69 229 -57 -156 
181 -121 36 -55 68 143 -198 21 -52 16 83 26 13 14 -13 -42 4 -111 16 36 97 14 -13 -140 -11 76 34 -67 131 15 -192 203 -94 27 53 -198 97 107 -96 -75 201 -89 2 -118 108 36 43 -205 83 130 
110 140 -194 127 -71 -78 145 -11 -38 77 -130 -59 163 -176 204 0 31 -136 137 -181 -28 117 -15 -92 -11 69 -51 102 -106 -2 101 56 -126 102 -44 -15 24 -59 115 53 -114 -34 -9 126 6 -40 -140 18 -40 33 
170 40 -115 -56 207 -194 -22 204 15 -95 -118 191 -161 -29 179 -170 132 65 -90 -107 21 104 -84 -32 -24 106 -123 57 124 -181 148 -100 183 -125 54 47 -129 74 -120 148 -80 99 -106 124 -105 1 122 -73 49 -126 
125 46 -45 94 -30 -4 -5 -102 15 -79 174 45 -51 30 -17 -10 -83 -64 170 -31 -164 122 97 -29 -99 -19 -2 -14 -27 177 -31 -134 -39 52 169 -76 72 -132 150 -11 -201 -8 161 -139 -38 15 130 -82 -60 237 
32 60 68 68 -29 -27 -96 151 -60 -150 192 -33 36 -131 23 -90 144 -46 -85 175 13 -167 150 53 -139 123 -137 61 -159 80 -20 -54 31 124 -100 -51 39 29 -57 -12 83 -29 171 -228 136 87 -126 82 37 -74 
192 2 -15 27 -55 -88 149 -180 34 117 -85 129 3 -70 42 10 -193 190 -78 106 -161 59 16 -84 88 -109 134 -54 -22 -102 113 -46 122 -32 86 -227 183 -75 69 -65 62 16 -23 36 -117 149 -7 -133 60 33 
104 80 -143 158 -71 82 31 -209 4 189 28 -176 121 -87 -58 199 -44 -25 -78 8 -93 179 -15 -103 -49 51 49 -91 31 54 -72 145 -25 -154 184 -72 76 -20 57 -211 15 12 129 -113 -68 60 150 -192 25 135 
254 -44 -205 151 -132 66 84 -173 181 -39 -35 92 -34 65 -230 71 -10 -17 142 -71 -78 87 18 31 -152 44 -51 -12 16 8 15 139 38 -169 39 51 9 86 -130 -29 -73 35 -21 235 -146 142 -222 186 -193 65 
220 -97 -16 -71 91 -64 87 -85 109 -46 -58 138 -30 22 -101 -32 54 91 -57 -61 -3 135 -55 -79 -25 135 52 -79 -122 124 -62 86 -90 -27 -58 73 129 -15 -50 15 -89 134 24 -73 -137 202 -72 -120 186 -205 
95 143 -173 146 -173 207 -48 -91 -8 78 -10 -37 93 -176 62 126 -73 -42 128 -209 -16 39 21 162 -126 -52 158 -137 -3 -41 132 -94 -2 -15 18 -37 70 51 -37 81 -197 117 117 -14 -109 -47 -17 5 -23 7 
97 21 67 -46 -58 155 -7 -93 -21 19 91 8 -194 194 -139 16 81 -170 140 -128 82 -58 83 -125 13 169 -193 35 152 -55 -8 96 -130 158 -239 139 -119 180 -142 168 -67 -75 -14 139 -87 1 -75 191 -238 89 
55 126 74 -25 -126 15 123 -172 48 36 -104 7 45 137 14 -119 -22 -89 -23 234 -216 24 110 -65 -43 -22 24 167 -49 -19 -104 -9 187 -180 55 6 -24 149 -172 58 36 36 -5 -109 -44 120 -44 118 -175 -40 
170 -161 188 -41 -25 5 106 -183 66 104 -218 208 -216 228 -60 -60 4 12 22 -63 44 -32 -76 221 -134 28 -63 4 53 -39 122 -167 36 2 -75 110 77 2 -124 25 98 -16 39 -144 124 -47 62 -28 -128 -31 
250 -61 -26 -45 31 -87 164 23 -112 65 1 18 25 -60 -5 -20 -86 37 9 82 -188 87 -41 79 -98 209 -37 -104 -41 0 35 82 51 -173 176 -88 -55 -97 71 73 -49 -85 244 -59 -19 47 -124 -61 136 -137 
91 -10 150 24 -107 -23 19 12 78 -72 28 32 -91 -58 22 -93 18 180 55 -182 38 -40 -10 126 37 5 18 -67 -38 13 63 18 -4 -190 188 -224 224 -137 -54 -38 54 138 -46 53 -168 33 -6 -28 14 34 
198 -16 -182 152 -40 -80 55 127 -214 60 -52 34 138 14 -160 9 108 -115 -4 47 170 -125 -48 -3 64 -54 30 -16 -59 55 160 -63 18 -147 190 -16 -54 -106 -58 196 5 -52 -165 60 -17 32 140 -158 -1 162 
183 -164 110 -45 137 -30 -151 1 5 133 72 -152 -44 27 68 -102 -6 154 -187 25 -14 37 57 25 -89 44 -5 151 -74 -147 215 -130 127 -70 -131 132 -10 -60 144 2 -237 34 -6 95 -47 88 -90 -32 137 -12 
20 169 -175 104 119 17 -250 53 74 67 -78 128 -207 154 -25 80 -177 180 -146 92 -125 -54 167 -32 32 -64 73 -45 -93 40 85 34 -145 -7 170 -176 -16 83 -39 105 -134 126 -172 119 114 -146 113 -177 -13 12 
223 -82 -49 25 104 -1 -80 45 -109 -34 36 12 120 -114 85 -171 7 41 -41 152 -64 -12 112 -110 144 -116 23 -119 181 -21 30 -100 -65 53 75 -145 125 -105 -4 98 -78 42 -27 106 0 -162 52 7 32 36 
115 78 -84 129 -100 29 -116 176 -143 53 -88 196 -217 186 -149 87 -53 126 -125 26 -67 90 -145 108 87 -104 7 -43 175 -175 74 -71 -13 44 37 -13 -93 194 -73 -129 119 -99 98 -112 101 -111 53 -13 -10 140 
221 -119 70 -14 -82 58 -37 -96 35 109 -54 32 -26 115 14 -55 -60 31 38 -157 -15 18 18 171 -154 -6 197 -9 -175 91 95 -140 65 -70 6 65 -48 -14 -75 151 -194 163 -106 120 54 -166 143 -179 51 -39 
226 19 -23 -93 -125 172 -20 -20 -118 127 30 -86 -45 101 38 -67 116 -209 214 -111 120 -61 47 -9 -59 -77 -55 56 158 -172 104 54 -129 135 -23 -71 -84 181 -228 32 134 -3 24 34 -54 -161 -15 197 31 -186 
78 -8 108 10 -154 115 -129 47 159 -7 21 -87 7 -99 42 -67 136 -139 103 -111 110 -46 7 92 -135 -5 75 -94 41 -27 17 103 -108 41 75 -2 -25 58 -17 70 -133 31 -67 -70 21 144 19 15 -67 -48 
234 -215 6 89 -88 56 113 8 3 -4 -187 41 134 11 -109 28 13 -4 -119 23 196 -77 -59 118 30 -84 34 -188 49 76 66 -86 58 -9 18 -141 89 -88 143 -36 -130 57 133 -178 150 -108 117 67 -90 62 
100 -53 -30 39 -34 -20 42 192 -174 115 -99 147 -134 13 -83 231 -202 -36 62 88 23 -135 72 -112 35 99 48 -86 136 -30 -60 -89 -44 54 -46 165 -88 70 -69 -62 108 46 -53 109 -115 18 -154 178 65 -132 
202 -187 139 -36 123 -76 -131 12 48 -7 -68 111 -87 158 -51 -137 89 5 -31 -11 73 24 35 -157 17 54 -102 171 -114 40 -16 -49 104 -55 103 1 -21 57 -138 160 -30 -145 117 -25 7 77 -216 183 -10 -20 
119 -53 50 73 -168 35 170 -198 -1 204 -35 -49 4 -109 4 41 22 -12 88 -94 -69 123 -15 55 -104 67 -47 7 79 -62 12 -51 -82 221 -189 59 108 -28 -166 170 -46 97 -86 -34 -86 191 -10 14 -111 132 
200 3 -131 18 91 24 -90 119 -76 -66 -6 -63 74 46 65 -180 78 111 -22 60 -204 185 -75 52 -136 155 14 -216 89 60 -51 -83 30 -45 169 14 -83 3 -34 25 -66 56 -45 -51 14 -13 121 -124 121 2 
153 86 -46 19 -78 66 24 -148 25 -5 -22 151 -42 -41 83 -128 -85 66 130 -207 13 155 9 62 -21 -15 18 -185 129 -89 151 -102 -28 -13 84 55 -83 -78 96 -108 114 -23 37 -15 -28 48 32 39 -152 -97 
227 15 -183 -2 -23 133 -115 -41 44 164 34 -195 21 112 -167 153 -29 13 51 -161 200 -235 214 22 -183 132 -127 8 170 -198 -25 62 -68 -11 69 20 107 -10 56 -193 -47 -4 242 -172 134 -138 105 -164 187 41 
24 26 154 -58 82 -31 -145 -30 66 53 -73 37 138 -175 61 -27 -92 89 93 -141 -10 34 149 -96 119 -63 -49 -94 -32 184 -130 -27 -2 22 -55 38 64 -66 141 1 -26 -25 -122 234 -35 -169 -17 115 -82 -40 
150 83 -130 31 -129 91 -72 41 -27 2 134 -15 39 -39 -70 2 -74 120 -116 -4 225 -172 174 -67 -61 -76 152 50 -195 20 45 -21 29 -32 21 26 -125 73 47 42 -168 214 -122 -16 96 15 -57 80 -3 -62 
244 -14 -111 120 -105 17 -126 89 60 -89 70 19 -107 -53 117 119 -43 -101 -18 50 69 -134 -66 216 -112 112 -99 -28 134 -137 60 -19 -27 -17 -52 80 127 -235 89 -54 72 -41 125 -170 179 -182 193 -79 -18 115 
106 5 -25 67 -150 230 -61 -19 3 -64 -92 192 16 -85 -118 244 2 -55 -140 69 78 -3 52 -61 -180 83 147 -67 -74 -76 27 78 -64 173 -235 155 76 -201 90 -90 86 112 -44 -66 -113 64 -1 -57 66 -64 
46 41 68 -99 90 3 -98 160 2 -170 117 61 7 -184 25 26 -55 200 -205 -26 139 -140 178 -109 -52 226 -107 -118 135 -8 -108 135 -47 -65 -45 26 58 41 14 -1 -23 35 16 -77 65 77 -48 -117 -71 -10 
244 -166 76 71 -23 -183 73 132 -126 -30 -51 193 -204 122 -91 77 25 -3 9 -13 -91 130 -63 -32 155 -38 -18 79 -67 35 -58 -12 96 -100 -85 67 70 -112 -19 69 -43 -22 -14 184 -6 -113 -4 50 -6 -119 
205 11 -195 172 -159 153 -179 166 -129 175 -127 144 -163 -39 153 -173 -10 241 0 -35 -204 211 -164 -53 39 40 171 -186 43 136 -21 -24 -183 22 8 -15 156 22 -193 -10 49 85 -112 0 129 29 56 -21 -199 95 
83 140 -222 28 26 58 -109 22 71 8 -101 9 150 -158 139 66 -8 -136 4 17 -86 8 -8 122 39 -137 198 -205 73 140 -78 19 72 -56 -43 90 -56 25 -129 54 117 -242 72 117 -115 -22 72 -66 145 -10 
165 -111 -44 35 38 56 -81 -4 116 21 -179 235 -36 -82 -106 114 -104 15 9 -53 199 -47 -26 -21 135 -213 34 98 -116 74 59 1 -145 143 42 -165 144 -155 61 -54 -34 197 -58 97 -239 75 33 41 43 -204 
155 -122 90 10 89 -77 -129 7 115 43 12 -87 -59 167 -111 -4 121 -170 -26 99 -108 150 9 -41 4 48 43 -17 -203 218 -14 38 -85 -110 18 76 68 -36 -151 93 9 85 -80 5 44 31 -25 5 56 -74 
83 81 -84 54 -42 123 -17 38 -79 -152 42 64 123 -218 76 70 -152 163 65 -61 -114 66 118 -193 71 64 -188 214 -154 18 84 3 -59 -60 -43 51 -53 242 -233 149 -1 86 -242 178 0 -15 -133 109 -24 129 
75 167 -208 39 177 -212 17 158 -7 -116 -90 252 -145 79 -10 -160 33 21 142 -52 7 73 -30 42 -69 -81 9 -64 73 -87 14 -18 160 -160 129 -13 -55 5 65 -13 28 -127 71 70 52 -213 0 221 -52 -142 
58 191 -159 31 125 -11 -117 70 -76 124 -63 38 -189 29 172 -56 -84 73 -127 -14 209 -197 159 -178 197 -198 237 -48 -152 117 -53 27 -92 23 101 -157 53 107 -133 76 -78 167 -76 -101 191 -132 15 110 15 19 
26 47 158 -62 -52 58 55 -75 -108 57 50 21 -103 12 -51 118 39 42 -230 51 -51 112 -29 -41 22 86 -77 107 -128 32 36 -11 25 -98 73 118 -178 -5 -2 34 -29 169 -136 154 -133 -81 200 -107 79 -145 
141 -67 50 -45 62 99 5 -23 11 17 -123 2 64 55 -77 7 44 -176 182 -87 -1 9 92 -95 -52 140 -191 -26 58 -50 49 -21 149 4 -77 46 -115 50 18 -50 -24 79 110 -157 21 -90 232 -222 218 -29 
72 106 -30 0 70 27 -210 105 -66 -37 124 -30 -77 12 -32 77 115 -28 -174 170 -52 3 51 -153 122 -61 88 39 -48 -70 55 -147 34 -53 57 143 -37 -14 -109 187 -162 74 73 -105 88 32 -37 -7 50 -180 
161 50 -71 -139 162 46 -98 -33 -50 196 -94 56 -63 59 -86 -51 -37 165 -130 124 -146 127 -146 171 -19 -8 -89 55 16 -90 48 -29 157 -209 86 -55 181 -94 59 10 -60 91 -203 106 -63 156 -178 158 -87 -56 
243 -84 36 40 -32 -158 80 11 -32 56 -62 -30 153 -129 -46 146 -148 197 -183 114 -136 88 -32 120 -170 127 -86 118 -117 -34 132 -128 153 0 -54 -6 -99 10 191 -131 -86 -18 135 -127 209 -162 16 66 -14 -120 
90 42 -72 -15 165 -105 -40 -25 173 -51 46 -89 -118 1 182 -113 -20 84 -58 63 -3 -105 92 -21 -23 -11 35 116 -20 -195 163 22 -69 -98 99 95 -177 10 88 83 -125 82 2 75 -232 25 -29 84 2 107 
6 132 -58 116 -69 -77 135 -99 33 80 -87 119 -135 -34 -11 193 -135 -5 151 -154 -86 23 111 35 25 -171 105 -66 24 -51 -39 25 198 -80 -120 102 76 -110 50 -49 88 13 18 -118 89 -109 14 -74 229 -210 
63 -26 61 -52 141 54 -35 -27 -41 -59 170 -188 112 -130 98 12 67 9 -53 -5 -71 52 54 -104 20 -45 99 -163 84 29 -31 -56 20 76 -58 32 17 92 -23 -171 174 8 -160 -21 199 -41 31 -54 -103 28 
125 4 -9 69 -137 24 -61 32 76 55 -3 -141 166 23 -95 -12 89 -135 -42 -20 109 -57 162 -168 78 55 8 -89 21 -27 -21 -19 22 27 10 85 -70 72 -177 -11 157 30 -148 192 -224 41 102 -60 75 -142 
122 -102 187 32 -157 -63 224 -42 40 -119 96 -210 227 -200 16 36 22 -12 -21 89 -103 193 -210 98 77 -8 -99 0 -102 231 -69 80 -193 184 -9 -18 -74 -122 162 -169 -11 137 53 -172 214 -130 95 52 -168 74 
150 -40 0 47 -143 224 -114 60 -32 -143 222 -156 72 -109 183 -63 77 -51 -23 88 -218 137 -102 180 -28 -114 -87 125 -40 -41 25 80 39 29 -136 131 -30 -79 -98 186 -7 -5 -95 75 -76 110 -163 -39 65 -50 
147 -39 -82 68 57 -107 43 23 -11 48 58 -53 -29 -12 59 -113 184 -220 43 150 -130 -75 239 -33 -159 96 45 -136 31 35 -22 44 101 -233 191 -51 -68 -25 -11 145 5 -75 -8 -61 25 -41 84 -116 47 73 
206 -187 129 -19 14 -85 95 -136 56 9 145 -212 19 -31 226 -179 190 -148 81 -159 157 -113 102 -119 -36 187 -59 106 -26 -76 38 -170 106 64 6 -57 25 -68 100 -62 -3 11 32 -36 -88 -26 26 61 -84 143 
15 126 -121 106 -49 111 -96 87 -124 29 63 -125 206 -107 33 2 -69 -52 216 -237 230 -20 31 -32 -10 -187 91 -59 -55 247 -135 -24 124 -152 117 -15 -93 100 -123 169 -185 44 5 -37 66 -17 -71 -7 219 -163 
173 -6 8 -128 166 -20 -109 171 -240 4 114 93 -132 135 -187 89 -103 186 -120 62 -27 -120 155 -146 223 -173 22 -75 126 -53 -74 25 196 -195 75 -80 143 -1 -109 63 -55 -55 165 -138 199 -138 9 -56 -32 144 
217 -205 216 -169 61 -108 47 194 -6 -213 51 -61 145 49 -108 129 -126 58 73 -208 40 51 82 -149 73 -2 37 -145 111 77 -114 146 -109 8 70 -85 116 -59 -119 134 -91 -38 -52 7 219 -90 -61 66 -133 151 
86 151 -177 101 -25 33 -133 128 -47 44 9 73 -138 68 -74 -6 -47 182 -76 -82 161 -74 -7 -61 145 -71 60 -13 -183 34 -49 189 -191 112 -104 -15 18 70 -71 90 88 20 -178 46 164 -160 -4 155 -81 -110 
225 -211 6 47 -47 220 -166 126 -142 68 11 -103 34 88 -83 130 -122 71 -113 -18 44 19 111 -50 32 -101 68 -28 -89 -22 118 45 -88 24 65 -52 99 -138 174 -67 -30 -73 -80 80 137 -74 58 -99 22 -3 
189 -145 37 -48 171 -72 18 -57 50 10 100 -216 51 133 -17 -200 13 50 -23 75 77 23 -62 -136 159 -151 212 -239 242 -181 126 -118 20 99 -146 -37 82 22 21 -71 188 -89 25 -39 89 -210 -24 1 199 -41 
46 135 -28 -116 176 -94 10 -27 105 -64 -8 115 -56 -180 86 -29 155 -195 -17 141 -86 67 -54 -33 195 -58 31 -87 -91 43 -6 70 -124 31 -17 164 -105 130 -163 184 -233 119 37 -76 53 -121 172 -142 -25 125 
6 184 -103 -80 1 170 -66 -37 85 22 39 -149 57 -26 22 -110 73 103 -168 212 -206 222 -250 199 -68 -7 29 -150 10 -11 123 -67 155 -99 -85 100 -48 79 53 -72 -106 65 72 -75 25 -105 0 153 -77 157 
136 -21 90 -154 5 15 69 95 -25 -177 99 117 -157 -43 69 -88 144 -69 -57 117 -158 71 110 -139 31 -38 152 -14 -173 247 -43 -12 -156 195 -119 -80 148 -57 98 -114 71 -101 75 -85 49 86 -84 -123 69 83 
12 149 -44 31 -27 -90 18 182 -121 125 -92 -18 35 -137 143 84 -179 68 -45 21 73 -94 53 7 -150 65 -55 -6 42 194 -30 11 23 -2 -150 93 36 -126 -44 -17 109 -16 9 -103 201 -73 -133 46 143 -147 
215 27 -86 77 -122 -15 22 115 -140 -87 134 -93 86 24 89 -221 47 -25 199 -118 24 0 -3 16 -10 -147 102 -70 99 92 -68 -110 11 158 -174 29 -4 17 -27 -29 17 137 1 -161 43 164 -71 65 -227 251 
14 188 7 -128 65 20 -19 103 -185 21 -81 209 -201 73 69 14 -83 133 -134 -31 176 -13 -105 -9 76 -137 129 -18 -94 175 -126 -88 209 -54 -32 67 -74 -27 -37 77 50 -100 31 -109 121 -85 162 19 1 -163 
13 136 -126 -21 60 66 114 0 -40 -120 165 -156 164 -54 -191 54 -3 -17 107 95 -87 -37 -41 -80 187 -58 124 -178 174 -87 51 -97 -35 28 -86 -24 165 -86 -44 219 -24 -215 145 -91 155 -164 -21 40 117 -176 
111 126 -174 86 -70 139 -31 -168 209 -199 109 -118 127 -113 13 186 -110 74 -39 -72 78 -135 131 78 -41 0 -140 83 56 -6 -42 68 -199 93 120 -207 213 -77 -63 13 143 -164 33 -62 67 -46 -77 205 6 30 
77 22 140 -67 24 57 -56 -103 97 15 -9 -191 37 91 -104 148 -161 162 -146 46 75 -132 116 -23 -30 -16 3 -68 22 122 -143 94 -33 123 -21 -97 131 -78 -100 142 -55 -7 94 -89 -44 49 12 42 -155 185 
70 53 29 32 33 -158 6 124 -59 76 -16 -166 40 161 14 -185 125 51 -118 -3 -107 192 -64 -25 -105 128 -43 13 155 -77 43 -129 160 -30 -164 182 -51 48 -197 137 -53 64 -166 208 9 -193 55 -98 138 49 
24 30 -51 171 -94 71 -135 202 -194 62 105 -17 81 -180 -40 -6 -10 109 -19 -91 54 155 -46 52 -205 38 72 -95 105 -101 34 -31 180 6 -124 -74 146 0 66 -110 16 95 -246 207 -42 -31 -19 -7 98 -134 
230 -207 151 35 8 -161 56 -22 106 44 -143 30 63 -28 -88 159 -182 25 -35 130 -72 -54 0 72 -59 169 -35 -27 38 -51 -152 64 40 -58 174 4 -216 55 117 -1 -113 -39 76 120 -190 70 -15 -70 135 40 
59 -10 100 -105 148 -150 64 -36 -16 164 5 -169 164 -71 -77 53 -79 57 51 -76 24 -12 118 -97 -97 129 -19 17 30 -154 54 102 -59 24 -111 129 -77 32 124 20 -91 52 -17 -9 -105 79 -30 7 -115 85 
209 -121 157 -237 28 33 163 -143 144 20 -114 -93 69 -34 115 -97 -29 -70 205 -203 136 70 -165 -30 194 -21 -100 11 50 -123 187 -188 76 22 -28 -26 68 95 -219 11 63 134 -120 76 -160 125 -62 121 -104 81 
234 -227 107 -31 139 -85 29 -68 -67 18 77 -12 -78 83 62 -142 87 -3 43 -148 -15 246 -186 -21 -23 225 -106 -77 -25 19 20 96 -151 43 105 -85 136 -218 25 -18 198 18 -181 192 -56 -11 -68 46 -136 138 
3 -3 127 62 -107 7 166 -92 -90 154 -150 -47 35 30 145 -133 -3 116 -136 -40 14 76 -61 -40 134 -26 -106 182 27 4 -217 175 -106 -91 43 171 23 -175 111 -135 82 100 -92 -29 34 73 -88 117 -106 53 
209 -52 -152 30 -35 69 -50 150 77 -32 -127 57 84 -187 118 1 -120 122 0 -53 -18 138 -167 56 69 -44 -82 -10 125 -119 -50 148 -43 -45 -50 50 130 -21 15 44 -179 39 -6 91 -162 82 1 -60 -27 -13 
155 -69 -17 15 37 -53 -21 32 74 -7 -107 144 -145 173 -56 -65 -74 185 -138 154 -79 -86 93 -65 29 7 -109 122 29 55 -22 -31 -7 -136 84 127 -83 83 -120 7 129 -6 -128 124 -76 -81 146 -120 -28 83 
107 16 123 -225 227 -84 28 -17 -149 115 -86 6 128 -171 57 -10 136 -95 86 -10 -123 182 7 -10 -158 87 -148 100 -74 117 53 -24 0 -109 -5 54 -109 81 143 -183 -44 5 54 91 -167 170 19 -89 89 -32 
47 175 -49 -54 -99 132 -53 -12 100 -65 -56 86 -111 147 -81 -82 55 61 109 -72 -23 98 -206 64 42 -141 24 215 -212 76 -33 45 45 -67 0 16 74 -22 -92 -24 98 -34 -1 -19 37 31 -53 -7 -39 117 
163 -140 52 125 -154 204 -89 85 -169 40 72 54 -36 5 -80 62 -51 -125 143 78 -15 -157 173 -161 113 29 -199 29 155 43 -90 -119 42 -15 160 -176 -51 154 -17 -78 34 122 -34 -140 -10 -31 12 20 128 22 
250 -26 -202 81 -54 78 123 -217 50 -10 182 -161 -38 58 40 -96 63 21 -33 103 39 -159 -32 194 -39 -44 -37 -80 152 -161 181 -123 45 -19 65 -5 0 64 -217 -20 14 90 -103 44 116 -27 -134 -5 189 -153 
137 -9 -13 -44 182 -15 -118 -31 138 -175 -38 93 10 -18 150 -140 -67 213 -169 108 -128 -7 -43 67 122 -166 101 19 -115 9 33 56 -125 216 -130 -3 31 24 -14 -136 3 212 -102 -112 98 105 -203 108 26 -79 
163 15 -109 33 68 -68 135 -90 11 85 -140 55 -108 89 37 68 -235 104 0 136 -96 63 -100 -115 154 -142 160 38 -140 110 -122 191 -87 13 -107 147 -14 36 -123 -27 -11 61 91 -141 31 92 -124 -35 43 55 
195 52 -22 -103 -121 125 -116 183 -87 -14 -65 159 -43 59 -55 -6 112 -163 -5 83 -34 22 -17 77 11 -32 -195 7 187 -179 93 -39 86 -79 -22 109 -25 -30 -54 67 -3 -101 152 -89 80 -97 96 68 -132 54 
217 -73 -37 141 -132 2 109 10 -27 -67 86 -178 147 18 2 -79 -137 201 -82 105 -129 -66 221 -78 28 -101 131 -159 -11 152 -8 13 -69 -4 -79 -31 136 7 45 -169 -27 56 124 -80 -12 100 -110 49 -20 53 
75 -32 -6 164 -11 -85 48 -21 81 -54 -97 124 -4 -85 -55 65 -100 106 -4 104 -5 -86 36 -139 107 -34 60 -87 112 -19 25 -72 -73 137 -37 -80 119 -60 137 1 -83 -69 99 12 -2 -109 -82 201 -60 44 
92 124 -185 59 64 26 -85 74 -2 -127 83 -62 170 -181 65 -102 236 -214 151 -66 -47 35 -36 -46 216 9 3 -38 -195 74 -74 160 29 -95 -97 205 -139 168 -239 65 9 104 38 -31 -36 -81 -64 122 51 -32 
163 -40 127 -152 -20 -47 83 77 -107 2 132 -216 155 57 -80 -2 -36 -24 30 96 -190 181 40 -167 33 -69 33 -44 24 206 -211 128 -38 61 18 -15 -35 -132 61 58 51 -184 135 -51 -82 -8 8 12 172 -93 
233 2 -110 3 -113 240 -215 194 -55 23 -176 26 -47 209 -10 2 -28 -13 -129 151 -125 -59 55 35 16 20 -50 60 50 -91 100 -101 156 -179 127 8 -82 5 -51 1 14 79 69 -175 8 -10 -26 178 -28 -188 
166 -154 150 -89 153 -207 -5 28 115 -40 -11 -43 -47 47 -61 144 -78 -8 -54 155 -92 24 -16 109 -63 -82 69 140 -151 26 35 35 -178 99 85 -9 -123 143 -14 -50 -137 194 -4 14 -209 202 15 4 -194 58 
88 45 -37 -24 166 -95 -102 82 -107 185 42 -131 -102 36 -16 112 38 -112 83 -107 156 -79 -116 242 -34 -117 -75 223 -111 -53 -57 152 -21 -153 239 -110 76 -101 -47 -30 206 -227 187 -184 126 77 -66 -118 43 -41 
46 85 81 -212 50 26 -53 134 93 -107 -46 94 -173 119 -129 156 68 -217 228 -149 62 -149 87 -91 220 -147 117 -106 121 -155 79 64 -69 -115 104 85 9 -38 -52 -3 -105 229 -39 -69 -131 251 -110 -127 19 -9 
178 -2 31 -146 35 12 1 -50 172 -221 162 -36 -15 -116 104 -77 -16 224 -219 88 69 -131 183 -149 3 31 -88 190 -56 -146 156 -36 73 -120 -81 180 -24 83 -124 -111 214 -73 -137 16 224 -100 -13 70 -46 -70 
120 3 65 56 -25 -35 -15 -97 36 105 -151 182 -63 -43 37 13 -167 84 -8 -23 43 -6 -68 13 177 -218 66 -47 138 76 -29 -23 -44 -141 200 -202 74 -49 221 -208 186 -138 153 -242 58 151 -20 -181 89 139 
194 -126 131 -199 116 -12 -54 82 20 21 -105 -24 11 194 -107 -28 -57 13 -9 -39 143 49 -187 204 -57 -48 -69 170 -104 -90 50 129 -14 -19 -177 150 37 -125 43 135 -237 84 -76 123 -104 42 145 -158 23 114 
159 -71 92 -11 -1 -97 143 -181 17 121 -58 73 -135 53 -87 103 -87 48 -32 -35 225 -196 170 -150 120 18 -79 -56 80 -24 -5 -85 -12 119 -37 136 -69 -154 6 175 -120 142 -131 72 4 -131 152 -50 -56 69 
143 -136 12 83 135 -8 -68 -69 16 -107 207 -100 -39 -32 18 27 37 -105 10 191 -176 180 -116 21 -58 -15 204 -88 -37 -112 70 121 -99 6 114 -105 103 -33 55 -104 85 1 -55 -34 64 36 -181 183 -191 -42 
202 5 -54 -88 110 54 -204 161 5 -102 -58 205 -141 -33 130 23 -6 21 12 -141 110 -55 -87 131 -200 29 -6 154 74 -222 16 70 -100 103 -1 -51 114 -7 64 -150 -43 95 -14 104 -182 69 109 -28 -55 -40 
249 -163 73 -28 29 -125 78 -73 -37 223 -149 -5 100 -11 -124 29 14 135 -87 -89 209 -78 -149 96 -91 178 32 -181 150 -183 -6 51 12 -54 163 39 -61 3 80 -236 15 19 91 78 -209 185 -86 102 -35 -7 
223 -155 79 -142 100 93 -145 99 39 -23 -133 123 -47 -62 -11 20 122 -41 -69 126 -36 30 -120 37 82 -12 69 -128 -81 98 -10 -22 -72 -23 198 -199 100 -27 -65 103 109 -54 -138 176 -180 158 -181 120 -74 -46 
86 -29 42 -52 17 74 -8 -17 99 -192 185 -102 130 -200 219 -112 -67 -45 -21 171 -176 167 -91 35 63 -156 19 153 61 -118 111 -147 -40 154 3 11 -226 199 -105 -3 60 -21 12 -48 64 -99 138 -138 64 11 
76 -44 25 178 -3 -180 23 5 1 -12 -7 9 71 -62 149 -22 -90 -64 -7 -3 157 -84 46 7 -128 105 -41 36 -7 6 -87 67 -92 92 -2 -62 -11 187 -35 -143 -46 124 58 41 -102 -102 128 -7 -109 71 
54 44 65 -95 37 17 -62 -38 -2 98 6 -26 52 33 -49 68 -177 106 -101 103 5 -110 193 -115 -58 117 75 -122 91 -162 63 -79 -23 234 -63 -111 -40 173 -119 168 -163 28 -9 -41 -1 163 -122 127 -137 138 
145 -98 -41 203 16 -163 123 9 -118 122 53 -121 -126 72 -8 56 10 41 -89 113 24 -217 230 -211 170 36 -154 47 105 -20 -127 -75 100 -11 102 -76 111 -213 207 -104 5 19 -132 25 158 41 -147 163 -249 96 
87 -56 163 -79 -111 243 -56 -174 96 -65 106 -81 -58 139 69 -50 26 45 -141 -89 85 -99 213 -148 46 -35 27 68 54 -85 -78 107 -97 9 22 10 -42 82 -137 212 -1 -40 -103 -69 45 -39 190 -100 -20 -37 
232 -145 104 -95 130 -152 174 -214 45 141 23 -234 27 135 -105 116 -114 163 -196 158 -45 -59 134 -14 -51 45 -12 -153 95 37 -91 -8 -7 -9 -36 144 -16 66 -91 -62 -43 171 26 -32 -61 117 -44 22 -19 -48 
241 -50 -48 107 -2 -107 81 -185 -15 24 -26 129 -48 101 -173 76 3 -24 -77 50 95 -75 -33 94 -118 181 -130 162 -120 -8 126 -225 31 144 -35 -77 -33 -31 101 49 -20 -89 26 161 -199 194 -226 71 9 34 
104 -99 125 111 -216 129 -152 97 -97 -1 94 50 -2 72 -24 -154 216 -97 -53 -100 43 45 -21 137 -188 185 -68 45 -179 165 30 -24 -135 143 64 -31 -210 118 16 51 -24 73 -114 -61 17 -6 90 -98 16 111 
84 -57 208 -151 -56 190 -213 36 -19 102 -101 -13 -1 120 37 -18 5 -109 -18 18 118 -138 46 -57 132 59 -129 133 -106 64 54 -140 -60 -10 52 127 46 -97 -84 42 65 -117 137 -164 -16 97 -91 31 -8 188 
185 50 -205 21 -51 213 28 -186 38 59 -1 -17 110 -36 -124 38 -5 -81 34 167 -15 -80 15 -147 50 -11 206 -203 163 -187 114 -96 184 -26 -30 -173 156 22 -28 87 -15 -54 -34 32 -115 12 151 -179 -25 45 
35 19 186 -216 133 -112 18 157 -210 190 -88 49 -15 -50 45 -77 -18 200 -98 12 -125 -30 156 -144 196 -163 129 -13 -164 13 117 81 -56 48 -178 -22 229 -70 -36 50 73 -182 104 33 -35 -60 -1 132 -87 -36 
238 -192 82 18 88 -209 187 -8 -59 -7 -38 69 -114 -27 178 18 -216 152 -147 21 194 -108 -50 47 128 -98 -37 3 84 -89 -34 45 59 -83 -63 95 107 -26 -180 158 -121 170 -67 -14 -78 -31 137 -70 103 -58 
69 183 -212 63 70 52 -145 -68 237 -206 84 -114 182 34 -187 177 -213 213 -121 149 -61 54 -230 39 0 90 43 26 47 -109 -25 9 85 -129 -85 53 191 -14 -27 -136 159 -105 128 -87 61 -28 -48 -4 -19 85 
156 -17 -58 149 -6 -125 -40 182 -72 -6 -68 131 -176 18 23 9 122 -216 64 98 -12 -141 169 -47 97 -214 8 14 21 42 -44 -21 6 -39 223 -26 -172 218 -249 9 218 -143 -48 160 7 11 -66 -61 -77 128 
77 24 8 4 16 37 -73 110 -96 2 5 -102 91 -64 200 -232 12 159 59 -48 -146 189 -175 22 133 -160 113 -156 23 56 127 -57 -103 96 49 -132 -29 -35 238 5 -150 -79 231 -220 90 62 -127 -37 189 20 
203 -155 112 -128 90 61 -103 -29 120 -164 85 14 -1 38 18 -39 132 -198 142 -28 46 -41 -144 159 -172 148 -7 -136 169 62 -250 171 43 -24 -67 124 -173 -62 63 101 -129 28 44 -61 33 116 -26 -11 36 -192 
207 -23 25 -12 -67 -78 58 37 70 -48 4 74 -121 -58 181 -46 13 -142 -24 84 96 -87 -87 20 -37 3 28 35 -63 2 146 -156 195 -92 -135 48 68 -25 159 -103 14 -73 20 139 -174 -29 -37 56 -5 104 
36 181 -101 126 -123 130 -173 175 -75 -155 187 -28 -72 60 25 -110 -38 59 115 -109 84 48 -235 188 -5 -118 15 109 -192 174 -109 167 -51 -100 -27 96 -46 -3 -49 67 65 -165 196 -212 125 -123 208 -89 71 -77 
176 -49 44 -113 122 65 8 -9 -100 -113 178 -195 191 37 -155 -2 144 -77 -142 2 49 190 -235 -6 108 -40 49 41 59 -147 -35 12 69 47 53 -85 -23 5 43 66 -201 81 84 -22 -160 164 -173 197 -107 86 
248 -47 -18 30 4 -114 7 -40 111 -82 -35 -6 -21 62 -68 78 41 -81 -17 139 -172 178 -184 142 -37 -7 -10 -71 53 75 -154 150 12 -67 -50 46 -94 72 46 84 -153 84 -91 204 -42 -168 145 -114 75 -77 
82 -74 131 -26 111 -68 -92 70 -24 -72 41 150 -6 -56 -11 -145 145 -146 10 208 -181 -31 -7 10 176 -103 -36 150 -192 10 212 10 -246 147 -67 -49 147 73 -49 -171 200 -216 218 2 -121 66 34 -140 177 -203 
17 100 40 -144 2 18 31 110 -89 89 -151 105 120 -243 33 117 -54 133 -22 -133 -11 72 8 14 13 -143 57 71 88 -61 -123 13 7 -60 82 95 -10 -71 132 -104 -21 24 -86 87 83 -93 57 -160 211 -187 
250 -148 -80 67 89 71 -127 12 -68 7 -72 249 -59 -183 170 -90 -50 181 -206 213 -163 58 -109 168 56 -37 -40 56 -49 -145 67 -72 74 155 -126 -108 132 -127 222 -28 3 -195 236 -2 -250 85 -65 40 75 7 
144 110 -98 37 11 -2 -31 -31 3 -106 41 -5 180 -194 66 -26 -80 104 47 -114 110 4 81 -22 -21 1 -121 -24 123 -125 -40 231 -187 62 -37 120 -98 -74 149 -137 55 5 32 -137 77 142 -31 -157 64 48 
133 -126 237 -167 -24 54 -77 156 -7 -36 -26 93 14 -33 -35 -127 201 -75 49 -70 -48 -59 16 208 -44 13 -36 -40 -15 117 -174 68 19 -99 84 92 -106 -115 202 -202 224 -107 -10 89 -153 149 -203 158 -155 200 
19 41 7 -4 -56 100 97 42 -143 -4 41 58 47 -188 40 155 -25 -83 111 -207 114 66 18 -124 58 -55 -7 -92 146 -145 -20 44 74 118 -126 -58 69 -23 -18 -55 179 -167 191 -102 -49 65 47 -159 68 -101 
116 111 -173 162 -160 75 -55 -53 162 -95 -14 173 -17 -16 -85 107 -128 87 -59 6 -15 84 28 -240 250 -106 -33 105 13 -112 111 -210 48 94 -21 73 17 -152 159 -178 142 -104 109 18 -205 207 -5 -106 -30 121 
228 22 -163 -64 212 -42 -84 107 -52 -41 67 -49 -92 138 -161 88 -93 224 -109 -97 120 2 -63 -41 84 75 -3 14 -44 36 -144 178 -203 96 108 -155 1 -40 134 -170 111 108 -182 -33 55 -36 67 41 18 -11 
85 158 12 -38 -169 0 33 108 -44 -106 -14 64 12 95 -193 41 27 36 109 -78 -90 139 -84 88 -20 -164 85 40 14 -122 100 -52 178 -103 67 9 30 -15 -212 18 74 -100 187 -153 -8 160 6 -169 136 -35 
82 36 -1 84 -123 78 61 -181 127 49 -120 -25 107 -116 1 -57 119 99 -16 -147 190 6 -66 15 -130 145 -115 -31 25 115 -74 47 29 -32 -39 -47 -28 161 -40 -159 18 157 -6 -96 11 131 -91 -132 176 57 
242 -73 -84 -36 115 86 -108 -87 52 144 -148 -44 113 -5 16 -156 186 -158 -26 168 28 -10 -51 38 3 -73 -52 103 -155 211 -86 49 45 -214 36 86 -92 11 -49 162 -103 101 -161 36 -37 -19 168 39 -146 124 
97 140 3 -59 53 -78 -86 175 -173 57 -7 89 -131 4 22 -13 -54 30 3 152 -156 120 -59 27 -130 199 -202 2 58 140 -139 64 15 -30 -106 38 90 -115 132 -2 -36 -123 176 -7 24 -199 27 -14 103 -31 
98 -41 97 21 -136 -27 192 -29 -150 161 -140 137 -117 164 -55 -72 75 -114 -57 207 -189 132 -37 130 -138 82 -189 185 -64 79 -201 250 -237 -14 7 179 36 -78 -100 88 -56 -79 232 -196 128 -56 19 -25 60 3 
80 59 -104 -22 94 -35 54 53 45 -123 -67 164 -37 79 -109 36 -148 223 -213 143 -43 68 -197 51 76 -55 -62 56 -26 -2 12 201 -115 103 -15 -171 21 -31 143 -15 -137 98 -55 40 66 35 6 -212 140 -143 
251 -33 24 -131 -105 95 -76 46 144 -16 -154 176 -109 -25 74 90 -26 -140 20 123 -104 -19 -57 73 18 37 44 -92 58 -163 -23 55 124 -131 129 -116 -22 205 -109 64 -50 -92 128 5 -151 153 -105 -65 53 -21 
74 123 55 -31 29 -151 31 27 -9 -140 235 -25 -173 45 110 45 -215 94 114 -80 37 -56 -113 12 101 64 -90 89 -90 -62 103 -137 60 132 -143 111 -15 -128 12 46 -37 15 121 -34 -120 149 -72 72 -70 -35 
241 -93 -138 119 -92 -14 163 -114 74 99 -92 23 -105 147 -28 -46 -10 -115 231 -218 3 -1 188 -120 -17 -74 168 -145 62 80 -75 -68 90 60 57 -219 54 48 70 -187 207 15 -162 56 78 -19 -88 75 5 -20 
52 -15 36 23 50 -106 25 -59 239 -93 -133 220 -236 176 -9 -24 12 -22 -83 187 -164 3 -24 121 65 -147 21 135 -140 -100 87 -31 72 -96 189 -6 -155 180 -78 -36 46 -151 137 -155 213 -177 13 155 -62 -96 
177 -125 49 112 -185 17 60 -26 -31 44 98 -59 52 -22 65 -127 90 -73 -17 -57 -26 53 -60 68 165 -1 -125 -53 38 -1 90 -31 50 -151 83 14 36 -103 29 -11 33 -109 211 -182 97 -46 -1 49 96 -185 
43 144 -29 -53 76 -97 -75 133 20 -135 177 -193 228 -12 -86 -93 170 25 -49 -176 196 -78 -26 142 -21 -66 -40 -68 9 -56 171 -178 222 -70 -34 115 -64 -103 175 -179 189 -236 170 19 -24 -25 -119 25 56 -82 
45 75 -91 -27 105 -9 17 -80 198 -41 -40 29 -133 45 28 -32 11 75 -11 -148 128 -141 56 -21 38 91 -8 -78 -37 76 -39 0 136 -179 -10 164 -151 196 -39 -140 116 -115 -19 149 -72 120 -16 -139 -67 48 
5 205 -66 -109 100 -126 154 -87 -74 113 -68 116 -144 1 71 80 78 -75 23 -119 77 -87 89 -104 155 22 -114 102 -131 -32 140 35 -95 79 -48 -63 45 47 -104 130 -24 48 -67 32 -21 -97 151 -136 11 -92 
13 190 34 16 -136 23 109 -239 8 95 72 -170 65 171 -136 79 -168 224 -249 89 -24 82 -147 133 108 -10 -40 56 -233 -2 216 -145 -71 34 46 153 -19 20 -164 131 19 -69 -30 -94 163 -22 69 -156 67 -16 
17 170 -161 -22 17 136 89 -110 -51 33 48 -42 14 -55 0 79 -155 26 -8 184 -146 44 -26 125 8 -169 24 -20 114 31 18 -20 -154 129 -22 10 -92 -7 -35 26 204 -169 121 -2 -89 56 -135 198 -199 126 
215 -65 -103 53 11 -97 184 -37 69 -29 -85 -112 8 99 2 -59 172 -186 -19 75 33 88 -113 -95 48 40 -84 228 -238 33 25 -19 168 -126 4 -45 99 -104 169 -195 144 -48 94 -37 -10 -106 158 -106 -50 82 
153 90 6 -9 -53 -135 20 115 -130 145 0 -60 73 -46 -134 33 -4 185 -232 227 -224 159 -104 -25 165 -4 -134 -76 179 -160 1 51 54 57 -76 -68 43 -46 -33 43 8 154 31 -73 22 -75 70 -112 82 85 
202 -151 -18 79 99 -25 -181 108 -91 229 -66 -13 -121 121 -41 -110 211 17 -204 137 -40 -132 19 128 -131 25 121 -119 16 97 -80 36 8 13 -140 98 -63 70 37 -29 132 -90 -108 201 -242 126 86 13 -172 -53 
233 -178 166 -212 103 -82 19 153 -130 -37 204 -169 162 -114 76 25 -23 37 -209 13 181 -126 157 -159 32 35 -36 133 -99 79 -191 193 -135 34 -28 -32 -54 82 -44 62 94 29 -224 141 65 13 -12 -134 -46 93 
188 -152 38 -27 177 -180 35 31 -75 40 -53 136 -60 143 -177 190 -66 -117 -45 151 44 -156 101 -127 43 -7 172 -90 -43 65 -126 -23 177 -155 -21 200 -47 1 -58 38 -50 -95 158 41 -64 -136 197 14 -98 -125 
143 -39 7 109 -54 -148 26 165 -78 0 29 14 -36 -87 62 -38 29 -82 8 216 -229 70 33 112 -13 -170 -36 242 -252 140 -26 15 78 18 -213 120 -61 132 2 23 -38 -45 -124 170 23 -82 -108 98 -42 14 
178 16 -91 -65 216 -4 -53 -178 1 28 29 96 -13 -98 193 -37 -193 38 35 119 12 -88 68 -106 -30 -67 159 -64 35 -75 0 104 -75 -18 158 -5 -188 107 -58 -50 98 -93 14 150 -92 8 114 -228 239 -171 
51 39 -70 130 -119 133 78 -50 -68 -1 -75 -44 122 22 -122 180 -124 7 -49 -35 191 -129 -45 193 -214 195 -11 -173 158 -72 134 -192 47 17 70 -144 60 -54 163 30 -108 1 63 -140 110 -16 -128 139 99 -217 
34 36 139 -179 155 12 -96 -95 2 24 171 -175 224 -208 -17 46 1 5 62 62 -194 93 122 -58 37 -69 80 -210 115 -48 8 47 -107 121 -88 -18 195 -197 86 35 -31 -103 -16 131 51 -92 -29 22 64 3 
28 140 67 -72 -87 171 -117 36 57 -166 87 -80 89 -103 31 -40 27 7 148 -161 165 -41 67 -123 -107 210 -226 90 134 5 -1 -28 -11 -102 -79 237 0 -199 184 -52 -75 42 -70 -21 70 30 76 -160 108 14 
25 143 19 -137 -17 -15 135 -145 185 -127 83 -37 35 -52 -32 142 -164 15 190 -203 198 -77 -83 -53 194 -144 145 -74 -62 111 -142 -53 240 -175 -45 51 53 102 -15 -106 113 -104 -37 89 -84 137 -94 -109 173 34 
217 -147 128 32 -154 -75 125 -3 128 -87 -77 31 -40 86 -30 -15 123 -95 -41 84 14 32 -175 -28 146 -128 189 -52 -150 50 -53 -21 -7 230 -125 -29 66 -23 25 -98 -19 121 -78 31 70 -118 111 -10 -76 58 
196 -105 0 -34 60 17 -69 62 -35 -6 124 -152 16 -17 80 -18 -12 49 85 -195 3 15 3 161 -156 107 -92 29 -108 161 -81 82 -37 -21 -28 170 -244 163 46 -203 102 6 -111 209 5 -71 -14 -30 -29 42 
53 178 -10 -37 18 -143 -17 117 -117 35 -35 111 -95 -35 202 -66 77 3 6 -186 66 9 -108 65 80 37 -97 -57 103 -91 17 147 -47 -103 -28 201 -81 -109 11 1 142 19 -51 50 -145 12 -34 106 -45 119 
190 -141 116 -141 -24 31 49 44 -5 -110 190 -115 -62 215 -110 -75 69 -93 123 0 20 42 -10 8 -105 31 103 -174 125 11 -35 -81 43 17 -55 -66 210 -123 11 49 49 -220 210 -194 40 21 -12 188 -194 104 
139 -88 162 -10 -30 -60 139 -217 94 -92 173 -67 75 -40 -157 23 192 -9 -37 -81 -75 33 150 -212 212 -142 155 -211 -19 110 74 -148 151 59 -21 -190 -12 5 221 -26 -67 -129 16 43 48 -109 186 -125 44 -32 
62 -7 140 3 42 1 -233 74 -42 -40 214 -2 -191 -2 50 -5 170 -144 91 -140 97 -52 43 -114 43 128 31 -37 -138 -8 92 12 -92 -30 191 38 -242 22 121 -19 -75 178 -53 36 -189 83 -73 6 37 22 
118 -55 191 -225 140 -111 127 -79 -102 198 -120 -76 174 -37 -36 -25 112 13 -99 111 -134 32 -97 49 182 -179 99 -110 90 -116 35 52 123 -35 -60 37 19 -66 -119 210 -182 34 95 -53 32 -103 -3 154 38 -88 
113 -64 40 122 -160 18 164 -95 54 8 -20 -81 111 -128 -22 187 -108 -63 -6 59 31 -61 -91 188 -180 112 11 74 -141 81 -137 162 -111 -63 116 -81 149 9 -136 -43 16 175 -46 75 -232 247 -139 90 7 -121 
239 -122 -1 131 -80 -105 173 -38 -32 -46 32 -144 50 92 -23 56 4 -60 -65 131 -17 -129 64 -38 51 51 -16 -137 1 227 -210 -5 177 -196 230 -88 -133 112 -18 73 -181 173 -10 -147 184 -178 127 78 -125 -108 
245 -130 92 5 32 -99 40 -55 -36 -5 148 -42 -143 -31 58 -1 -11 -63 191 -188 4 195 -101 92 0 -52 99 -188 24 145 -58 -18 -43 33 32 -105 35 -13 -3 -76 86 121 -84 -127 92 99 -32 -52 -96 207 
158 30 -156 164 -187 25 176 -167 36 37 18 -64 -9 -23 37 120 -9 -22 -88 -12 27 17 95 -73 86 -46 -109 -53 140 88 -132 138 -190 -13 83 -104 192 -166 174 -202 84 86 -81 -102 126 59 10 -13 -65 -93 
27 100 -18 40 87 -233 99 -96 225 -133 32 9 1 65 35 -223 79 61 88 -238 225 -46 39 -213 142 -148 91 -28 41 -4 80 -87 -23 139 -31 -48 -101 108 96 13 -142 -106 70 81 -11 -124 183 -189 78 -72 
154 -132 44 142 31 -42 -100 85 -81 137 -133 34 70 -124 122 -110 109 38 -124 126 -120 41 -159 60 95 -37 -41 143 -224 154 -8 -50 124 -54 69 -99 48 -93 135 -97 118 -98 37 -82 62 -17 -79 146 -131 1 
206 -118 98 68 -75 54 11 -73 -110 73 66 32 5 -130 -52 164 -77 59 -132 119 -29 43 53 -164 148 -76 61 -202 117 -15 125 -39 -56 -94 187 -1 -48 44 -134 97 -32 31 9 -213 141 20 -123 -4 -34 1 
168 -67 13 117 -42 63 -29 -112 -86 227 -15 -186 189 -238 13 77 119 -130 -29 11 -17 51 97 -146 23 -18 63 80 -14 -89 126 -187 81 107 -83 25 -77 -2 17 86 -22 -35 42 0 -143 3 115 -93 95 -50 
82 143 -26 3 -45 -96 103 -164 33 35 -1 41 79 -71 26 -6 -33 116 -10 -99 10 -87 215 -113 2 2 -63 -37 79 -17 -3 -59 57 14 15 -96 181 -3 -53 -99 117 60 -6 -50 -43 120 -184 78 -16 109 
71 -70 210 -123 137 -139 82 -137 222 -68 -59 -38 68 45 37 -199 54 -29 -4 -28 80 -75 93 -42 -2 109 -151 195 -213 32 9 94 46 -26 -177 135 -136 233 -208 15 147 -126 191 -136 -107 115 123 -133 -13 -24 
21 43 58 31 17 -13 27 -9 -49 19 81 -118 113 -19 35 -161 97 -99 32 52 -149 188 0 2 -191 124 -23 37 -141 97 7 -4 -70 173 0 -185 177 -4 54 -125 67 -28 -67 82 41 -165 158 -129 155 -234 
16 68 171 -198 -41 202 -73 -36 58 -5 -24 114 -241 186 16 -185 -25 151 -117 -35 243 -84 -95 152 -102 91 -17 -148 48 151 -183 138 -157 160 35 -146 25 -103 209 -117 67 -111 153 -169 100 -105 129 -60 134 -10 
19 41 2 90 31 -100 3 110 -6 -62 -45 26 -43 27 -4 -55 125 -153 209 37 -101 47 -176 92 86 -44 60 -79 71 -191 173 8 -84 -22 -38 70 109 -52 -16 -122 180 -15 -165 158 -129 101 -167 145 92 -228 
56 80 76 -126 30 27 -74 112 -57 84 -19 21 -26 -41 90 -65 -26 22 -137 122 -34 -87 -15 48 80 -16 65 1 20 -167 45 -48 17 44 27 -21 -5 74 -77 -10 -60 177 -182 104 11 -97 142 -91 -42 102 
6 46 185 -4 0 -106 72 -109 -55 9 170 -158 167 28 -89 -26 -5 15 -95 111 -118 182 -116 9 78 -171 204 -108 -16 -18 -5 123 11 -158 173 -63 49 -188 191 -181 199 -209 25 167 -132 83 64 -205 53 92 
165 -160 246 -247 165 -36 -130 49 85 -6 47 -35 101 -103 -134 140 -42 -93 169 -75 -65 -23 185 -30 -39 -80 2 98 -32 19 -59 147 -93 24 -123 74 -72 154 -70 44 -86 44 63 -70 83 -16 -152 -21 68 82 
227 -190 84 -101 96 3 131 -41 38 4 -180 29 135 7 13 -238 58 148 5 -164 -37 168 -182 91 75 -89 93 -83 151 -17 -22 21 -110 -106 116 24 67 -9 15 -215 158 55 -46 -171 44 -41 53 157 -163 29 
135 48 67 -93 -97 146 -60 108 -43 23 -77 -147 167 -76 122 -177 188 -214 122 -4 46 -7 49 -113 -51 13 23 -96 236 -5 -6 -16 -115 -72 -24 75 -13 123 -178 41 179 -146 -36 178 27 -208 115 -41 85 -146 
39 207 -227 93 -87 66 76 -76 -70 197 -69 4 67 4 27 -94 -17 -70 17 25 135 -133 -110 20 141 -61 136 -135 -31 -32 67 18 -51 -35 -9 19 23 137 -201 51 -51 138 -6 -2 61 -169 16 4 -4 119 
216 -15 28 -47 -75 -96 -9 226 -216 241 -196 39 -78 27 136 -63 -59 82 88 -163 -2 52 -82 63 9 110 -197 44 177 -87 31 -104 120 -174 192 -80 69 17 -111 -13 75 52 -169 68 -60 -7 -57 86 115 -150 
201 -144 37 154 -37 -205 123 -3 37 -142 222 -4 -91 -14 114 -11 13 -146 -28 -4 141 -39 -28 -58 -80 178 35 -112 -72 112 45 -9 13 -113 -2 9 101 -142 7 180 -132 135 -76 2 67 -66 24 -135 53 -23 
78 -25 117 39 36 -48 33 -150 -31 27 -21 166 -171 108 -56 -73 221 -70 -4 27 15 -13 -123 75 -22 43 -18 94 -90 -16 92 -182 2 -48 179 -148 62 32 -32 58 -154 24 63 121 -128 -82 244 -239 101 -85 
173 -89 89 -137 81 -86 54 107 20 -111 34 55 -65 -109 234 4 -12 -104 56 47 -85 -2 46 -199 109 5 -107 26 36 -20 2 -25 42 101 -113 77 83 -172 170 -204 29 -38 187 -142 122 -31 -44 37 80 -173 
200 -56 -49 156 -15 -34 -148 199 -47 -70 1 107 -37 -172 206 -196 114 -8 81 -110 -87 116 80 18 -223 93 87 39 -20 -76 -92 -1 3 39 80 -77 123 -49 -135 102 51 -136 69 -74 -11 130 37 -110 -87 198 
139 95 -71 -104 114 -115 70 127 -63 -5 -105 143 -64 -99 174 2 -103 114 -56 11 4 -14 -11 -74 -108 144 101 -39 14 27 -147 -88 229 -150 123 -44 -80 -5 -25 95 -104 68 -20 114 -23 -145 108 -88 77 67 
12 31 55 62 -51 126 -129 -50 88 47 51 -195 -34 117 2 -116 85 -76 133 80 -229 105 -47 34 143 -142 26 41 35 21 -112 -90 128 5 -18 93 -154 -58 -14 97 93 20 -121 145 -134 47 -125 29 58 -65 
35 150 -109 -2 167 -71 -114 61 53 -45 -45 98 -14 -54 -56 166 -98 -47 -26 133 56 -134 -81 93 -8 42 105 -71 -77 -58 -16 34 135 -153 148 -27 36 -30 -140 5 28 97 -123 35 -34 17 174 -74 -10 -122 
176 -105 -60 184 60 -2 -243 64 42 -106 10 67 161 -225 200 29 -21 -167 118 70 -17 -187 122 17 -163 169 -125 45 57 -116 164 -46 -137 155 -161 186 38 -241 7 164 48 24 -211 11 -7 138 -58 -126 71 61 
86 -48 212 -109 -98 172 -137 126 -87 -87 179 -73 -9 77 -33 -108 -28 168 10 -129 -2 66 -57 -79 86 146 -121 -24 -61 64 66 25 -56 -56 12 27 -45 35 6 -5 88 -152 -26 148 -5 -81 120 -155 -18 43 
162 13 35 34 -117 34 -150 67 135 -22 -13 71 -104 -95 149 -19 -104 139 -174 -35 90 149 -2 -219 173 -33 -1 -45 45 -33 48 -32 42 -31 57 -37 6 -124 -51 224 -39 -30 74 -165 -57 136 -17 53 -15 71 
80 68 -49 -88 99 -85 101 -87 -30 39 143 -70 -15 -66 38 -77 84 105 -187 249 -146 126 -77 -111 158 11 16 -137 114 -61 -17 47 -28 86 -167 133 -146 192 -79 -154 125 -8 48 -142 106 -94 -44 22 167 -74 
94 148 6 -154 95 -74 28 99 -78 -95 95 -136 140 17 -77 -36 8 160 -176 145 -202 39 178 28 -202 174 20 -120 -54 58 -12 0 -110 68 142 20 -68 -81 -14 -48 40 104 -30 -16 20 12 -56 31 24 -12 
182 -169 49 135 56 -37 -144 -8 -5 52 100 -109 -101 84 99 4 -84 -20 -26 182 -169 -36 164 -149 10 108 -66 -34 81 -26 54 -27 -49 -81 100 -21 -73 72 119 -70 -12 -113 175 -185 113 87 -164 -40 38 195 
22 51 -21 66 108 -18 40 -60 -87 130 -160 148 32 -20 -179 17 88 -18 34 -84 13 -6 28 108 -56 -166 29 204 -182 -8 -42 231 5 -23 4 -64 65 -123 97 -88 64 7 -104 74 93 -32 -97 -51 -19 88 
68 31 -35 25 -70 47 85 31 -40 48 -85 82 -11 -30 -122 115 -68 18 81 10 -177 126 80 -192 -6 148 -116 11 96 75 -224 93 99 -86 5 61 27 -118 -44 97 111 -114 112 -150 135 22 -91 45 -177 181 
172 -4 -2 -20 -144 183 -103 74 -132 133 66 -120 26 -68 178 -80 68 -112 21 -115 5 154 26 -187 109 118 -203 96 45 -37 -58 126 -195 198 -43 -26 -81 127 -97 100 -81 -68 -49 234 -73 77 -85 -39 78 -181 
51 127 1 -140 147 -143 -25 154 2 4 -52 -115 211 -115 -47 78 69 -112 31 25 -108 91 63 2 -170 83 -71 4 5 179 -200 124 -28 -30 114 -158 153 -106 12 10 37 -94 -6 129 -14 -2 -112 -53 41 48 
88 70 -27 72 -59 -80 160 -106 118 -172 58 63 19 -150 -47 157 39 -152 89 -107 113 -113 140 64 -80 -126 -16 38 162 5 -203 132 39 60 7 -253 46 82 47 -140 144 -82 102 -168 129 8 56 -126 -18 22 
118 -49 113 -99 53 -22 -110 186 -41 57 -51 -105 136 -34 90 -18 20 -26 -181 100 7 -68 -29 140 -43 -31 8 51 -129 10 119 -133 15 190 -2 -193 -42 22 94 -29 -89 119 129 -5 -222 90 37 -94 135 -155 
104 59 -45 -44 82 -150 47 -6 18 71 97 -165 26 105 -16 -181 42 125 -33 -38 9 -20 58 5 57 -132 81 -80 98 -93 -46 77 -92 213 -185 -34 51 139 -177 26 103 14 80 -112 21 -71 86 -106 127 -99 
254 -207 204 -142 -39 63 -73 -28 35 -1 186 -197 30 40 -23 -57 -32 134 -115 162 -16 56 -171 97 79 -149 -5 15 73 45 -67 53 -130 167 -12 -94 88 -130 17 61 55 -133 56 5 56 8 -216 202 -145 136 
188 -58 -75 198 -225 188 -151 54 -77 49 72 -141 131 71 -203 10 69 19 136 -30 -64 -101 -13 41 95 -32 -150 61 55 91 11 -179 108 55 -49 84 -161 -10 -59 135 -125 98 -66 -50 52 -7 73 -81 63 -42 
10 24 13 134 -112 130 -199 185 -138 137 -77 126 -3 -37 28 -189 213 -121 115 -66 -114 152 -104 -74 22 4 -23 209 -103 -65 137 -68 -3 100 -35 -27 65 -38 -90 -100 130 -23 -52 -55 -3 88 77 -142 45 111 
15 125 -30 -60 165 -41 -58 -32 -24 -37 204 -71 -152 103 32 -30 -48 93 -34 131 -51 -19 -108 74 -130 209 -202 143 -13 -36 -47 33 63 -42 78 25 -19 -86 -120 189 -178 198 -153 38 -70 168 -19 55 -28 -33 
34 155 -187 107 66 -98 76 12 -105 71 -121 57 -26 20 -21 91 36 -137 147 -149 219 -200 41 -34 -6 -5 120 -51 112 -191 186 26 -243 211 -35 48 -20 17 -161 8 73 -13 -45 4 164 -241 111 -47 164 -198 
47 65 64 -102 58 -11 -68 159 -136 174 -182 161 -89 -86 43 -63 116 -136 106 -69 28 149 -161 56 -79 106 -73 -10 172 -185 179 16 -220 41 111 51 -14 -169 -23 11 99 -41 19 -113 51 -22 -14 -8 87 56 
168 -34 42 -66 58 -166 206 -190 -3 -15 239 -66 57 19 -127 -80 -30 90 65 -156 75 79 -45 84 -179 102 -30 24 45 -48 -65 41 92 19 50 -164 51 8 -37 -86 64 77 36 -196 8 65 145 -135 96 -44 
23 218 -107 109 -202 123 -54 85 2 -164 15 18 90 21 -113 184 -109 19 33 -34 -62 124 -44 -102 176 -63 25 -69 -84 -3 89 82 -226 109 105 -101 -44 -12 132 -15 -27 62 -79 56 -147 -31 102 -103 119 -51 
205 -14 43 -144 -12 37 23 -126 86 2 -30 21 59 -48 13 47 -12 -99 191 -114 -121 166 -48 -40 15 50 79 -150 -14 143 -86 -118 243 -223 36 -50 175 -153 20 -49 7 68 88 -36 7 47 -140 89 11 -16 
212 -70 -121 62 52 -127 93 149 -174 -32 44 -10 77 28 -116 164 -181 56 -85 111 -87 85 -127 239 -58 -83 6 96 -160 122 -21 53 -94 -22 -72 21 173 -63 41 34 -192 20 66 -100 56 8 151 -179 112 -5 
150 -78 -66 215 -126 -62 -12 113 -22 77 -126 138 -33 -157 51 77 -4 42 -158 167 -130 97 76 -3 -27 12 -177 130 -160 63 -8 65 76 -22 -45 -25 -53 -21 171 -89 7 -97 207 -155 -51 81 -72 135 -16 -88 
12 42 96 -7 48 -115 123 56 -42 -192 166 -147 77 19 -118 67 -1 86 -83 91 -160 -16 157 43 14 -181 139 -133 126 -77 -85 175 -133 108 -113 51 13 40 102 -201 180 -127 16 -52 -49 38 12 -48 28 52 
118 -47 48 125 -138 -45 122 -66 -3 -72 112 90 -25 -82 -130 97 40 -46 95 -7 -137 76 -86 84 106 -192 191 -138 143 -123 -46 173 -129 16 -67 137 -187 12 60 2 87 82 -191 -39 173 -78 53 -52 125 -162 
6 173 -73 -40 27 96 -130 45 67 -67 38 -129 157 -10 -58 -76 -10 102 -100 73 -18 136 -80 3 0 15 -43 -39 187 -170 45 -45 -33 176 -15 15 -199 178 -6 40 -215 18 126 42 -73 1 -40 -51 86 -40 
230 -214 15 142 -165 37 23 107 -173 177 74 -99 1 -57 136 -205 30 -4 -1 148 -157 201 -155 -51 90 -79 -4 -26 224 -195 130 21 -37 -33 -77 76 -111 31 143 -97 49 -8 -57 50 -55 41 -45 147 -196 65 
149 27 -57 -11 -65 63 -11 115 41 -189 117 -105 69 -37 -4 -69 220 -26 -61 -157 80 -44 -34 30 -5 124 -137 44 1 -10 -10 38 142 -109 -114 143 -74 -48 99 -99 202 5 -66 0 9 24 -9 -7 50 -230 
193 -106 119 -96 -98 36 61 -105 16 160 7 -85 65 -138 152 -144 32 106 -116 172 -27 -157 137 48 -44 -84 -52 16 128 -45 33 -30 -18 -54 165 -168 34 -55 -58 89 -86 212 -107 -90 235 -49 -73 62 54 -54 
105 81 -62 4 76 -22 -95 32 -49 185 -122 -128 20 132 -132 218 -105 -118 209 -61 -13 -73 -47 102 -95 170 -170 97 96 4 -13 -122 -73 49 70 87 -150 13 40 91 -64 -117 22 -12 -23 143 -18 44 -160 187 
170 -144 35 137 -189 218 -136 -68 172 -141 43 3 129 -63 -46 117 -33 -132 161 -176 76 -47 33 -25 -47 79 -21 56 7 -24 95 -68 -153 78 -45 88 55 -98 117 -108 -51 34 148 -29 -34 -104 -57 20 116 -60 
70 94 86 -92 -40 -57 99 56 -211 246 -88 9 57 -182 18 -1 53 2 -3 -65 3 148 -12 -169 233 -155 22 21 22 -64 11 -5 -52 115 -19 -108 38 -77 167 -104 172 -49 -141 145 -77 38 -35 -88 155 10 
177 47 -122 18 -44 179 -184 -5 70 -59 40 116 -209 130 -27 -109 -8 79 -10 37 21 -72 -2 -13 88 49 68 -51 -78 11 -39 -50 73 133 -4 -48 2 -136 3 177 -76 -106 -66 139 -58 -43 19 -30 83 86 
182 -71 -83 2 -16 7 -20 115 84 -123 144 -219 190 -51 47 13 2 -76 97 -18 -84 85 -124 46 -114 112 90 -4 -18 -173 -2 214 -180 72 127 -62 -138 21 132 -100 139 -177 9 108 14 -24 -138 192 -136 15 
20 131 19 84 -49 -52 57 -84 -106 211 -2 -32 -162 125 85 -167 -47 116 39 -159 201 -90 39 77 -238 83 -90 31 176 -31 -134 2 -21 148 -22 -10 -127 47 8 170 -244 119 35 -145 157 65 -40 -107 -8 174 
88 40 -80 206 -73 51 6 -87 -6 -108 213 -229 68 60 36 -86 84 -153 102 114 -101 -75 -41 79 -16 107 -112 104 -28 -123 192 -126 105 -87 -55 105 -27 -103 172 -112 137 -228 11 174 -102 17 142 -49 -31 -19 
208 43 -251 235 -75 -49 45 -15 -75 114 -65 -38 92 -63 -27 -31 30 -68 113 -48 55 -23 143 -138 -107 241 -217 42 165 10 -53 -117 6 -12 -69 122 16 -116 157 -148 212 -8 17 -172 -15 -43 87 53 43 13 
86 -7 68 -89 32 146 -137 51 -87 164 -216 208 -30 -135 47 -45 -31 201 -143 -52 212 -138 -72 66 79 -3 29 -44 -64 -49 36 37 -34 152 -1 -40 -196 228 -98 -93 14 -41 194 -1 -118 -52 48 41 12 31 
237 -159 164 -66 -153 172 60 -65 0 -60 -35 51 29 -148 35 -36 83 83 -86 46 55 -80 81 -141 -25 59 23 85 -161 48 159 -181 100 -173 120 15 -129 28 119 -76 173 -118 -52 9 27 105 -93 26 40 -166 
53 63 42 -94 143 -12 -155 161 -102 -67 99 -33 -93 -3 84 151 -24 -162 139 13 -96 -76 207 -84 -92 15 104 -119 169 -185 204 -77 -49 22 100 6 -210 -8 99 36 -93 38 77 -40 -150 216 -206 191 -154 17 
2 149 -79 167 -70 -107 54 -51 -64 162 -29 -118 111 -4 35 7 -23 20 45 -112 48 -65 -37 90 -76 94 -121 183 -50 17 -113 145 45 -198 132 -25 49 -127 55 -37 74 1 6 -142 127 -19 97 -184 31 24 
191 -36 96 -82 -49 -87 -2 44 79 -84 133 -162 99 79 -204 45 123 -133 168 -86 -85 185 -162 140 -89 134 -174 -65 227 -136 -71 18 105 -12 -115 -29 50 -52 254 -233 33 149 13 16 -197 216 -161 157 7 -144 
213 -109 26 97 25 -156 21 -100 8 121 71 -148 11 88 -29 -71 118 -127 -18 102 -48 -55 103 -70 13 25 20 -73 15 124 -154 148 -48 44 -124 170 -157 -67 21 60 96 -44 63 -186 101 -87 84 32 84 -51 
245 -19 -13 -109 -44 -59 76 163 -168 -61 149 -26 89 -203 41 175 -209 198 -33 -70 5 -110 194 -182 92 69 -83 70 -24 -71 48 -114 45 87 -121 -18 185 61 -194 5 -38 -4 223 -132 -86 202 -81 70 -19 -165 
9 -8 139 91 -119 -77 -10 151 -93 87 -88 126 -199 207 34 -59 33 -60 -22 -139 154 -7 -108 69 -103 81 67 -88 98 -153 165 33 -201 90 -38 100 -155 1 223 -108 10 22 -102 91 -142 103 25 -12 72 -47 
148 24 7 -85 -9 55 82 -176 61 -90 12 23 117 -136 133 -133 34 154 -170 127 12 -135 142 -167 119 71 -125 94 -187 -1 164 59 -85 -50 47 62 -86 -19 43 -13 130 -107 -11 69 -138 139 -84 17 46 -173 
186 -136 -7 203 -173 163 2 -217 166 0 -37 24 -101 94 87 -171 85 -144 41 1 14 -59 110 121 -109 -28 8 122 -20 -208 179 -57 -64 13 -55 34 128 29 -3 -162 59 63 -169 168 64 -139 -44 172 -168 -56 
57 -52 151 -22 111 -111 -38 91 -93 35 18 55 -136 3 -11 58 -83 199 -61 -117 179 -27 -57 -57 78 -85 -77 43 152 -166 -36 145 50 -43 -116 120 90 -211 155 -64 -120 167 12 -117 177 -39 -146 170 -143 137 
109 10 -96 99 12 -91 150 -81 -42 146 12 22 -188 -31 144 -10 -4 -152 36 167 24 -152 121 -41 44 -19 20 -11 -38 94 -99 -89 51 -103 24 133 72 -117 -4 117 -161 170 -125 -51 -70 161 68 -60 -100 118 
99 -98 39 -14 108 26 66 -159 29 -14 14 38 -56 73 -114 44 52 16 -128 17 84 129 -134 102 -197 152 -126 181 4 -144 -24 127 14 -63 -101 141 26 39 4 -19 -190 138 -94 29 -4 111 -111 87 -2 -58 
160 21 -105 -72 163 -118 194 -133 144 -201 140 -95 113 4 -111 66 75 -67 52 -167 142 -175 26 92 37 -32 41 -113 37 11 -48 7 -81 34 170 10 14 -92 67 -105 98 -59 -38 82 -8 43 -202 105 122 -34 
235 -55 -89 163 -51 -149 141 -47 -62 40 -120 23 105 48 -178 184 -187 210 -93 -55 101 -73 111 37 -113 12 113 -63 -127 42 -13 136 -202 5 164 -183 11 131 -52 46 8 -103 80 44 55 -99 23 -130 14 198 
225 -145 22 137 -176 -1 163 16 -208 159 -155 58 60 31 -137 204 -166 117 -93 72 -28 85 -227 125 -29 116 -109 -113 9 9 -5 110 -89 148 25 2 -14 -21 -162 220 6 -218 130 -19 9 -86 135 -159 47 -35 
76 -2 146 -94 -112 238 -152 38 -137 162 -95 19 -25 193 -2 -202 140 16 -101 -89 203 -43 -86 160 -64 -56 97 23 -72 -16 13 -42 -77 91 -82 54 -103 29 53 129 -49 -140 135 -92 170 -99 -17 -32 99 29 
213 -147 -34 3 1 185 -152 25 22 51 59 -114 -18 58 71 -172 175 -81 -132 128 -95 194 -152 154 -125 41 85 -78 -47 92 25 -136 45 -20 90 -40 29 -117 136 18 -160 -35 176 20 -120 -114 15 124 5 5 
64 17 63 59 -67 97 -149 -13 67 -120 80 -65 117 -48 84 -60 -98 62 119 -196 30 82 -20 -47 139 -85 61 -135 110 103 -77 12 14 -180 193 -46 46 -10 7 -164 20 24 29 78 -68 -125 90 -24 8 45 
71 183 -230 13 86 110 -143 -52 40 177 -193 148 -208 28 -17 208 -36 -21 -104 40 28 118 -81 76 -47 -36 -6 -42 -76 220 -12 -93 80 -31 -167 85 6 133 -22 -75 -76 71 -100 114 -95 90 -12 94 -143 -35 
11 29 139 31 -4 -152 52 25 -37 75 11 -179 144 -65 -67 111 -85 10 -46 74 137 10 20 -6 -109 -46 86 49 7 -178 165 -157 40 80 -140 163 -164 201 -71 -56 27 7 31 -42 -35 57 49 -12 -95 131 
218 -15 -196 202 -116 13 94 4 -39 -72 -86 159 -101 48 2 17 -27 55 76 -191 176 -62 -83 -69 22 -6 81 -64 94 85 -173 128 -55 -30 -35 6 -49 58 -27 102 88 -148 -42 -16 120 -56 -48 62 -69 89 
154 96 -4 -78 82 -221 150 -157 133 72 -31 -78 39 82 -179 33 -67 107 -96 25 192 -135 64 61 -239 186 -15 30 -142 52 -41 106 -132 -1 63 107 -161 91 -95 77 28 -12 19 -120 171 -163 -4 145 -143 10 
244 -67 -145 178 24 -121 -17 -71 26 167 -214 208 -125 118 -18 24 -77 13 3 69 -208 198 -46 44 -100 46 -18 80 -140 68 18 -42 -71 98 5 -4 85 -4 -98 91 -219 178 23 -134 -11 -8 143 -118 -70 49 
97 -93 224 -225 -2 188 -116 9 75 -67 79 34 4 39 -115 47 9 41 -181 199 1 -111 -15 41 -69 143 -10 11 -160 161 -187 6 192 -106 79 -163 95 -121 26 129 23 -55 16 -95 123 -60 88 -141 163 -241 
163 -3 91 -232 -15 122 70 -134 40 -33 167 -158 -62 204 -202 106 11 -73 168 15 -227 195 -206 90 72 37 23 -64 -121 13 177 -12 -149 92 54 -132 -45 136 -74 -104 91 20 -27 33 -83 35 143 41 -135 -27 
37 -13 161 67 -3 -23 -173 -42 243 -160 41 29 48 -200 107 132 -86 38 -202 0 209 -22 1 -131 58 114 -137 16 21 -92 91 -4 -105 149 46 -197 53 43 -75 -15 142 74 -132 99 47 -164 -18 65 -83 57 
133 -80 96 -136 26 171 -106 -2 -81 177 -77 -59 58 -98 27 37 55 -107 150 24 -200 173 -3 -103 15 135 -206 88 134 -7 5 -10 -117 73 -66 38 78 -112 -120 20 58 33 -20 144 -213 192 -216 188 15 -150 
137 -99 110 92 8 -111 -45 13 -8 -13 71 19 -153 47 74 -104 120 13 20 36 -120 27 -62 45 -109 189 -134 41 61 38 -48 -44 117 -29 -168 119 97 -95 20 -109 -41 93 -74 65 -5 -60 91 15 -77 114 
8 37 19 13 45 -89 78 73 -141 209 -154 77 -43 -59 98 -71 123 -220 134 -26 106 -164 87 -54 -62 78 -94 71 -25 -30 210 -230 71 29 -9 151 -168 152 14 -91 -140 101 64 -142 -16 67 82 -80 80 -160 
111 -102 190 54 -209 94 -28 -27 88 47 -50 -116 110 -126 -24 144 84 -96 72 -7 44 -9 -232 99 56 -134 98 -113 237 -202 -18 88 12 109 -109 65 -100 -89 139 69 -148 91 -135 130 -143 50 -7 120 -149 -4 
214 -50 -110 87 -36 -20 110 -4 -113 -19 79 -123 101 98 -180 128 -126 191 0 -114 45 -50 -6 75 -8 82 2 -89 -121 33 147 -75 -35 106 -48 -169 68 -5 8 76 -26 -40 22 150 -4 -208 -14 92 79 -184 
209 -42 -95 126 -160 16 139 -30 -94 -55 26 195 -121 -71 95 -24 -76 191 -8 -205 163 -55 -105 169 -35 -92 185 -122 -118 216 -49 -74 -25 -28 132 53 -59 -53 77 -55 29 22 -4 45 -51 -42 80 25 -207 40 
235 11 -74 39 2 -54 -86 115 -127 60 27 -8 -23 -52 -46 -16 210 -86 98 -167 136 -20 -8 -8 80 -82 -94 27 -8 -29 6 142 21 -71 -60 -62 105 117 -37 -40 -162 26 -30 17 61 67 -97 124 -97 -67 
240 -148 82 -16 -2 31 -124 184 -182 107 -148 129 59 -39 -140 13 -15 29 -34 105 -116 162 -146 -26 153 -50 47 -41 15 18 -68 53 114 -144 -75 26 -5 191 -196 -30 112 -101 14 132 -75 -49 193 -229 199 37 
38 -15 174 4 -58 95 -67 43 -112 38 27 -22 -134 16 43 165 -18 15 -208 -2 226 -62 60 -14 -177 129 61 -111 91 -117 129 -105 -44 -40 110 79 -79 62 -52 -161 212 -3 2 -2 -25 -38 -59 68 -64 15 
235 -118 80 -57 -104 10 -19 25 -42 63 121 9 -78 -50 -31 192 14 -139 -102 13 99 -96 44 154 -138 20 -69 134 -39 -29 -37 -46 44 55 -91 199 -208 229 -49 -48 79 -199 82 123 -112 -66 94 18 -63 -54 
67 130 26 -89 -21 -75 -20 50 -44 199 -61 -55 118 -142 37 -119 127 -5 -60 179 -228 53 16 110 -2 -65 76 -191 171 -79 45 34 -29 -127 46 45 -74 30 -62 57 82 -63 165 -9 -185 106 -72 40 48 -105 
152 -15 19 -133 0 201 -32 57 -152 70 -85 97 -51 74 -167 33 -56 69 -21 3 77 -42 -83 58 24 -43 -1 130 -156 39 23 74 -125 174 -112 55 -152 33 206 -144 -19 48 64 -139 -20 201 3 -186 5 54 
77 44 24 -76 -14 164 -13 36 -94 34 -21 -52 38 -80 125 -121 76 -4 88 -11 -24 -110 23 -95 93 59 71 -61 -168 124 -88 -44 58 100 -20 -137 58 168 27 -204 8 184 -236 104 -63 -8 179 -105 -73 67 
54 177 -83 1 -46 -97 236 -164 120 -81 61 -63 -109 89 131 -14 -102 46 52 -35 48 -5 -109 107 -128 -40 154 -176 69 8 -25 49 38 -90 31 106 -198 225 -78 -139 -6 27 16 177 -108 -72 57 -28 135 -54 
183 -145 125 -83 -3 28 14 -103 216 -93 71 -14 -72 -24 21 -39 62 79 -97 49 52 -4 -62 -18 -35 18 -49 42 -31 50 35 3 28 41 -239 77 72 -155 151 -47 -87 81 58 -128 183 -99 109 -163 90 71 
81 80 -15 -68 -56 3 187 -66 97 -131 -16 -53 38 -24 168 -93 75 -69 -89 39 -88 212 -157 78 -36 -13 45 -21 -75 160 -191 224 -93 37 -129 -29 57 71 -83 91 104 -31 27 -18 -73 46 -156 7 145 46 
146 -16 -72 -48 109 49 -97 0 107 49 -22 -101 -97 48 -24 59 117 -20 -151 72 134 -91 85 19 -225 209 -67 -38 -123 203 -7 -176 6 195 -204 121 -72 113 55 -113 62 -128 151 -90 -22 104 -11 -46 36 -85 
219 -82 -87 82 27 80 -64 74 -98 -108 -14 192 -164 115 -1 -81 -50 93 9 -37 7 -14 125 22 -124 -3 1 112 -199 -13 -3 86 -92 70 59 -20 136 -121 -7 68 23 19 -146 -80 156 -89 177 -216 154 12 
32 136 -135 212 -162 4 -78 22 193 -88 -132 127 15 28 -140 13 -23 -17 112 20 -85 103 -3 68 -141 96 -54 118 -144 101 -67 48 -113 134 -35 70 -231 13 15 90 104 17 -221 203 20 -94 -119 144 -175 70 
25 137 -97 147 -149 8 65 92 26 -209 160 17 -42 12 -24 -18 -78 99 -20 98 -220 30 38 122 -94 -120 94 -49 104 -51 -96 184 -93 -18 144 -140 -68 239 -220 -31 122 91 1 -11 -52 -135 194 -112 -5 26 
255 -44 -146 12 5 -46 31 28 74 4 -40 -121 216 -59 85 -45 -56 -136 74 -73 187 -70 45 -118 78 -5 92 -180 -19 157 -87 34 102 -93 29 0 -106 141 -74 -112 84 92 58 -242 123 -64 86 52 -51 27 
96 76 21 -5 -158 106 74 13 -92 71 -26 32 -106 -27 95 10 -20 -25 20 -39 -89 221 -211 118 15 -48 -4 -95 132 91 -99 14 49 -27 -172 123 -116 -13 62 106 -84 60 5 -34 -71 27 -66 209 -43 0 
206 -156 98 84 -125 127 -58 -36 -139 121 117 -220 183 -97 31 59 -24 -157 147 42 31 -220 164 -105 161 16 -242 218 17 -87 34 47 -197 145 58 -173 -11 63 13 60 24 -60 24 -136 108 -105 199 -129 6 62 
199 29 -163 158 -151 37 -32 49 100 -120 -84 135 -140 144 -59 -7 152 -22 -89 11 -100 37 -83 42 52 38 -55 173 -106 15 -48 120 -171 -28 91 92 -50 -60 -19 128 -22 31 -194 216 -210 -13 20 207 -1 -226 
200 44 7 -49 45 -182 -23 48 41 -11 10 74 -90 -59 -4 196 -80 86 -43 -21 -77 48 -39 36 86 -68 -9 -10 -7 -8 78 -39 -99 37 -118 251 -99 59 -6 -201 5 212 -161 131 43 -80 -101 79 -128 113 
246 -89 19 20 5 -83 -3 107 13 -157 81 70 -208 -19 194 -10 -142 138 -32 75 -205 182 -106 84 -133 173 -216 30 150 -160 55 45 69 -119 43 -36 49 17 -8 27 11 -111 -57 196 -132 -21 154 -5 -201 8 
226 -79 106 -58 24 -8 -194 46 79 -62 37 -33 113 -114 115 -149 58 112 -128 -31 -58 27 100 10 15 6 36 41 -88 -65 103 65 -12 -165 87 75 -32 -203 112 23 13 14 -156 -6 218 -202 98 -34 -51 37 
119 -91 21 -8 188 -111 -23 -49 -46 136 -59 67 15 64 -17 -143 61 -66 -23 155 -26 -70 147 -232 -1 65 86 -147 57 5 167 -160 -20 -3 104 -71 78 -137 178 -188 122 -37 -43 41 -7 71 -19 31 19 -31 
34 185 -85 -120 224 3 -186 200 -243 45 28 155 -118 92 -203 129 53 -21 -94 20 -2 22 33 96 -22 -164 6 160 -86 75 -124 27 111 -162 125 -13 -94 161 -15 -165 116 50 -215 168 -64 61 -104 64 -32 -82 
86 134 -193 214 -148 141 -185 35 2 -44 127 -10 50 -91 -50 165 -229 27 46 -45 -21 211 -154 7 62 -16 129 -238 72 158 -9 -207 20 -11 114 -110 167 -44 -11 -64 84 63 -169 57 -89 105 104 -84 -14 66 
156 18 -62 23 6 -64 162 -2 -36 -130 149 -45 -95 21 143 7 -128 -40 -13 58 -96 17 -45 14 190 -103 37 -15 82 -3 -29 -118 108 -44 77 -129 150 25 -157 -55 49 157 -30 -79 -11 -3 -106 29 47 73 
105 -64 51 -38 -51 53 -27 106 50 -115 117 -169 -16 60 -58 193 -91 -72 -21 90 -34 134 -187 51 -14 9 -43 164 47 -74 -6 -3 37 61 -55 -28 -156 15 87 133 -141 -9 118 -171 -17 23 -10 138 8 43 
21 223 -101 -30 -67 35 7 -43 132 -30 -73 -27 67 87 -197 39 90 35 38 43 -219 149 -76 124 -115 -21 -19 -40 66 117 -83 119 -48 -78 -57 181 -207 131 -115 -22 20 59 -50 150 -39 71 -240 74 68 -69 
49 128 -149 135 30 -170 -9 149 21 -17 87 -243 224 -12 -163 -42 197 -193 -6 38 147 -26 -27 -3 -98 186 -203 129 -63 110 -104 103 -11 29 -119 -28 149 -74 -92 -16 -29 198 25 -119 68 -106 64 -133 156 -39 
176 70 -242 90 100 28 24 -86 -94 -64 86 65 -113 52 42 95 -194 54 161 -151 -18 -15 -34 222 -164 126 -138 63 2 29 32 -129 44 -90 147 26 -152 138 50 -238 219 -79 -105 138 -135 39 75 -80 -21 73 
101 38 -132 17 165 -109 20 144 -187 46 -1 -52 197 -91 -92 13 -61 159 -170 73 99 17 53 -219 217 -36 -10 -53 -72 159 -16 15 -174 52 125 -127 -19 -27 169 -131 35 -97 203 -172 19 36 25 -17 52 51 
154 86 -205 216 -183 174 13 -210 207 -77 -129 4 61 113 29 -151 70 36 -1 18 -45 -99 -26 130 -150 67 -51 90 -91 -7 199 -115 -55 26 -40 -52 210 -205 134 -62 150 -84 -128 102 -112 78 81 -81 93 65 
234 -72 -126 80 38 -20 -60 -43 199 -148 107 6 -54 79 -159 30 -37 197 -59 59 -177 26 18 79 -168 196 -188 77 -110 164 -71 20 18 97 -8 -2 -131 91 -164 175 10 -59 47 -45 72 -64 -33 -11 12 -108 
89 128 -103 -46 -54 23 35 158 -159 159 -179 156 -23 -168 169 -10 -52 -66 -57 184 -123 190 -181 -12 77 50 5 -146 -32 214 -203 175 49 -182 5 51 77 -76 -87 215 -3 -241 155 -57 -17 -81 48 13 177 -119 
58 76 121 -202 -41 77 -68 212 -131 70 -96 5 -54 126 -120 -23 206 21 -119 114 -38 -180 169 -123 74 -43 71 -159 45 78 7 6 110 -188 157 -212 32 25 126 1 15 -81 123 -7 -94 -11 59 -84 -4 110 
211 -137 -31 -20 204 -70 -131 44 -34 197 -151 129 -103 72 -52 42 -123 162 -18 -8 -3 2 -178 148 -18 -102 164 -80 66 3 -90 91 -24 36 32 10 -33 37 -44 18 -193 117 77 -109 139 -201 197 -106 107 -153 
145 -109 86 -55 161 -176 7 104 -60 117 -73 -117 143 -67 -38 164 -130 89 -53 15 -148 120 -86 193 -197 212 -51 -4 -113 83 34 -30 56 24 -157 155 -80 -138 181 -16 -94 -96 134 -7 100 -179 60 10 -2 129 
156 -6 4 -90 90 12 60 -81 -83 43 87 21 -206 79 0 106 -56 -15 -4 -47 181 -22 -8 -122 -91 129 114 4 -230 78 111 22 -202 190 -140 -66 141 96 -193 131 -41 78 -20 3 -21 -187 118 78 -47 24 
218 -46 53 -149 -9 -31 30 -31 209 -87 91 -137 97 37 -204 160 -109 1 151 -186 8 76 28 -133 140 -100 -63 179 -21 -85 -70 2 58 83 50 -17 -97 -84 2 16 213 -73 -81 -80 159 -18 100 -170 -40 -32 
157 -112 76 36 1 73 -131 -28 -42 2 -12 51 134 9 -45 -158 109 51 -1 -87 164 -236 119 30 -127 43 60 114 -98 57 -11 -102 109 -164 60 121 -54 85 -138 58 71 -122 82 -16 -163 182 -158 -16 -2 65 
149 -27 14 -135 243 4 -183 -34 9 -8 115 -70 -18 48 18 -121 108 -47 55 51 -39 58 62 -201 138 -38 39 -101 -2 -30 144 -33 71 -57 -34 -68 106 18 39 -239 43 108 -48 14 -1 -95 108 54 -89 149 
23 128 1 91 -238 155 57 -66 -66 87 37 -206 81 4 -71 98 41 -84 135 -146 39 20 -42 -7 19 117 27 -89 108 -145 99 -206 109 -71 171 -166 140 51 -136 -29 -30 47 144 -1 3 -31 20 5 -33 -72 
242 -223 44 -49 169 72 -254 227 -105 16 9 -95 127 -88 63 -73 -20 97 56 -121 -33 177 -117 -31 99 22 -148 29 55 -40 -99 104 29 94 -95 39 -87 -17 48 13 -105 210 -58 -22 -153 187 -139 83 -33 -3 
100 -9 25 125 -147 35 -71 57 -11 101 -157 106 -79 148 0 -141 112 45 -183 8 115 -108 5 -53 70 -70 99 7 29 41 -55 34 -15 -85 76 33 -12 -118 -21 138 -119 132 -108 129 -181 118 -133 8 130 -3 
132 59 1 -188 101 55 -153 181 -92 29 80 -2 -34 -76 131 -218 131 -128 114 -2 33 35 13 -180 202 -33 -25 75 -81 -96 -43 129 82 -157 22 112 -84 33 81 -183 68 -80 77 -41 80 14 -144 157 -49 -63 
76 -9 -3 12 -30 33 -20 66 -28 -63 68 -76 -1 2 -14 183 -151 169 -172 40 22 130 -195 -17 -7 190 -6 -160 210 -136 134 -204 77 93 -72 70 -126 87 58 -213 170 -80 -54 -30 33 116 70 -65 -111 159 
248 -28 -13 -89 -93 184 43 -73 52 22 -84 -96 146 30 5 -30 -119 20 -122 19 54 135 -209 89 92 -178 165 31 -95 67 36 -38 -68 -64 31 56 -116 229 -202 34 155 9 -94 -82 9 122 -179 209 21 -26 
163 -21 26 -22 98 -52 -186 136 74 36 -230 110 -103 51 38 -7 -58 176 -136 1 -2 48 15 8 -135 43 45 -41 65 26 12 38 -33 -99 160 -18 -207 21 24 27 101 33 -40 -156 194 -79 -45 112 -22 -111 
191 36 -66 -143 174 42 -48 -148 153 19 -203 248 -34 -32 -91 -55 88 86 -200 123 -125 -4 121 26 39 -52 -58 39 46 31 10 -79 -63 20 38 -124 179 -17 -120 46 -72 75 -49 -29 162 -76 34 -34 -24 111 
192 -97 27 99 -142 29 -17 90 9 -153 19 9 55 -60 -2 153 -43 61 -168 -5 155 -178 198 -119 107 -36 -113 -41 198 -115 -23 -42 -12 101 -134 229 -209 131 -134 175 41 -231 200 -102 -55 54 -67 -32 205 -52 
126 115 -158 72 -53 41 23 53 -194 61 21 69 -149 129 -8 -7 86 -49 -37 108 -117 -98 156 65 -125 81 -151 193 -117 47 -116 188 -2 -244 226 -104 121 -171 -25 139 -132 -33 191 -23 -180 44 -36 120 -100 -8 
