201 24 11 -210 -21 103 134 -51 56 -188 130 -44 -143 66 144 -158 -33 54 138 -204 36 24 61 123 -36 -113 -52 159 -113 29 -82 202 -240 196 -85 -103 89 -87 147 -119 -21 225 -38 -42 -66 123 -152 3 54 42 
158 -11 102 -148 -19 -37 59 24 -55 167 6 -40 -69 16 -73 107 48 -150 24 122 -106 35 -111 98 77 -96 -122 197 -161 118 -72 92 -137 145 -80 17 -31 -1 108 -81 -24 -84 205 -116 -39 183 -89 79 -120 90 
51 97 33 -22 -76 78 -128 57 117 -75 16 62 -148 78 -137 207 -93 103 -47 -130 84 54 -112 85 18 -31 -56 -10 97 -28 65 16 -84 -82 53 27 4 46 -88 101 -7 -145 129 -100 85 -98 142 -88 104 -206 
114 79 -142 38 -35 18 78 66 -62 -106 168 -110 -41 84 5 -44 -62 -21 219 -242 46 194 -106 -23 58 6 -141 -16 22 84 126 -176 39 51 -8 88 -184 -53 101 -4 81 -10 38 -2 -42 -116 176 -91 96 -122 
89 -24 35 -5 40 -14 -35 159 4 -155 -72 151 -127 -37 210 -201 146 -42 7 -14 94 -170 15 189 -117 -32 -8 148 -148 -14 -12 103 1 -91 26 85 -21 -28 62 -100 15 111 -209 185 1 -102 2 -8 28 121 
233 -63 -78 122 15 -212 203 13 -16 -119 -72 40 80 24 -128 74 57 67 -218 191 -145 -56 13 115 85 -112 -61 163 -111 -91 218 -83 -82 -41 52 -2 -43 77 -73 97 -111 208 23 -207 136 -175 243 -14 -211 130 
193 -169 154 53 -214 202 -150 84 97 -50 12 -173 -35 26 209 -163 61 -134 59 168 -201 202 5 -131 -67 145 -108 26 136 -93 -40 -37 -67 158 -24 71 -170 13 168 15 -79 39 46 -180 61 37 -19 -51 -68 -1 
101 -24 27 -50 154 -83 -26 60 20 -8 -64 70 -57 73 -93 155 -138 101 -180 213 -112 -29 -7 -67 89 119 10 -93 62 -11 -207 177 -40 108 -41 -82 -54 150 -58 85 -62 -142 44 -57 203 -94 -70 1 23 -6 
171 -2 -96 108 -46 -103 -10 126 13 76 -129 -105 21 58 129 -29 35 -116 118 -25 -80 -28 59 -121 188 35 -215 190 17 -238 38 103 -131 98 121 -215 152 -160 148 -87 -38 41 80 -96 49 140 -70 -73 97 51 
184 24 -167 65 -99 80 95 43 12 -57 -177 202 -65 -68 110 -97 144 -44 -115 -5 104 28 -146 -41 134 -95 90 -37 -49 -25 -9 82 104 -170 220 -218 9 151 -185 138 25 -159 139 -56 -15 18 -68 113 -75 83 
243 -154 -29 -5 2 195 -235 17 113 91 -169 -55 26 155 -139 85 46 54 -152 63 -92 103 20 20 15 18 -136 52 -139 221 -37 0 -164 86 28 -109 193 -21 -196 -5 144 -119 206 -47 -12 -40 -9 -53 168 -241 
51 -32 221 -199 92 -99 69 60 62 -20 24 -116 114 -173 112 84 -49 16 -61 28 69 -39 -95 87 -49 12 45 -171 183 -144 159 -17 -35 41 -115 11 -10 87 -83 134 -80 -167 69 -60 218 -174 -22 -16 204 -23 
32 114 -67 -7 -37 17 183 -40 34 -201 211 -153 16 -46 3 177 -97 60 -109 -75 56 92 24 -38 82 -188 73 47 -154 174 -113 112 2 -16 -146 54 44 -36 -67 15 52 -76 165 -74 119 -94 -97 76 150 -46 
204 -146 153 38 -51 -109 121 -12 -152 8 36 44 68 -21 -124 141 -197 20 205 -32 -60 108 -170 -70 93 10 127 -105 27 43 54 -243 65 -59 59 -46 191 -9 25 -76 90 -166 -34 46 17 -42 67 -16 -18 -93 
59 14 72 -102 121 -148 8 129 -150 198 2 -38 -18 98 -120 45 -70 100 -90 23 101 19 -103 -26 9 -64 146 -180 -25 3 128 -75 151 -82 -125 -3 244 -82 36 -16 55 -243 134 13 5 60 -201 209 5 -26 
176 18 -8 -155 51 1 -4 164 -162 97 -140 169 -51 83 -41 -154 162 -183 139 -73 72 -129 53 170 -168 148 -215 11 81 -20 -32 61 31 -20 -37 126 30 -57 -35 29 44 -190 137 -99 -42 19 132 -130 92 -136 
213 -176 138 77 -131 -90 105 34 -79 -19 106 -114 187 -219 86 38 56 -85 60 -71 86 23 -143 116 -38 -4 -153 0 53 95 -140 228 -115 -107 160 67 -39 -176 -7 79 107 -120 131 -112 -10 147 -2 -116 -54 27 
228 -226 68 35 119 -25 -197 76 -10 119 -32 28 -68 -105 202 -191 2 184 -194 197 -171 21 0 57 94 -146 87 18 26 -122 84 0 -49 105 -173 -14 10 22 159 -83 -77 52 125 -175 142 -107 -93 186 37 -187 
61 159 -33 29 -13 -5 -113 73 -52 74 -42 -99 108 -53 -63 52 -47 86 91 -139 -19 -1 85 -50 0 69 19 -144 134 52 -62 -96 109 -144 198 -50 1 19 -184 65 84 83 -4 -126 -35 -70 11 17 133 62 
164 52 -13 -170 99 82 -87 123 -208 -42 142 98 -7 -171 -33 198 -6 10 -208 77 -50 -9 67 114 -96 -122 110 66 30 -20 12 32 -227 227 -207 50 68 -120 197 -159 -60 4 201 -73 -24 113 -15 -93 -8 49 
