201 225 236 26 5 108 242 191 247 59 189 145 2 68 212 54 21 75 213 9 45 69 130 253 217 104 52 211 98 127 45 247 7 203 118 15 104 17 164 45 24 249 211 169 103 226 74 77 131 173 
158 147 249 101 82 45 104 128 73 240 246 206 137 153 80 187 235 85 109 231 125 160 49 147 224 128 6 203 42 160 88 180 43 188 108 125 94 93 201 120 96 12 217 101 62 245 156 235 115 205 
51 148 181 159 83 161 33 90 207 132 148 210 62 140 3 210 117 220 173 43 127 181 69 154 172 141 85 75 172 144 209 225 141 59 112 139 143 189 101 202 195 50 179 79 164 66 208 120 224 18 
114 193 51 89 54 72 150 216 154 48 216 106 65 149 154 110 48 27 246 4 50 244 138 115 173 179 38 22 44 128 254 78 117 168 160 248 64 11 112 108 189 179 217 215 173 57 233 142 238 116 
89 65 100 95 135 121 86 245 249 94 22 173 46 9 219 18 164 122 129 115 209 39 54 243 126 94 86 234 86 72 60 163 164 73 99 184 163 135 197 97 112 223 14 199 200 98 100 92 120 241 
233 170 92 214 229 17 220 233 217 98 26 66 146 170 42 116 173 240 22 213 68 12 25 140 225 113 52 215 104 13 231 148 66 25 77 75 32 109 36 133 22 230 253 46 182 7 250 236 25 155 
193 24 178 231 17 219 69 153 250 200 212 39 4 30 239 76 137 3 62 230 29 231 236 105 38 183 75 101 237 144 104 67 0 158 134 205 35 48 216 231 152 191 237 57 118 155 136 85 17 16 
101 77 104 54 208 125 99 159 179 171 107 177 120 193 100 255 117 218 38 251 139 110 103 36 125 244 254 161 223 212 5 182 142 250 209 127 73 223 165 250 188 46 90 33 236 142 72 73 96 90 
171 169 73 181 135 32 22 148 161 237 108 3 24 82 211 182 217 101 219 194 114 86 145 24 212 247 32 222 239 1 39 142 11 109 230 15 167 7 155 68 30 71 151 55 104 244 174 101 198 249 
184 208 41 106 7 87 182 225 237 180 3 205 140 72 182 85 229 185 70 65 169 197 51 10 144 49 139 102 53 28 19 101 205 35 255 37 46 197 12 150 175 16 155 99 84 102 34 147 72 155 
243 89 60 55 57 252 17 34 147 238 69 14 40 195 56 141 187 241 89 152 60 163 183 203 218 236 100 152 13 234 197 197 33 119 147 38 231 210 14 9 153 34 240 193 181 141 132 79 247 6 
51 19 240 41 133 34 103 163 225 205 229 113 227 54 166 250 201 217 156 184 253 214 119 206 157 169 214 43 226 82 241 224 189 230 115 126 116 203 120 254 174 7 76 16 234 60 38 22 226 203 
32 146 79 72 35 52 235 195 229 28 239 86 102 56 59 236 139 199 90 15 71 163 187 149 231 43 116 163 9 183 70 182 184 168 22 76 120 84 17 32 84 8 173 99 218 124 27 103 253 207 
204 58 211 249 198 89 210 198 46 54 90 134 202 181 57 198 1 21 226 194 134 242 72 2 95 105 232 127 154 197 251 8 73 14 73 27 218 209 234 158 248 82 48 94 111 69 136 120 102 9 
59 73 145 43 164 16 24 153 3 201 203 165 147 245 125 170 100 200 110 133 234 253 150 124 133 69 215 35 10 13 141 66 217 135 10 7 251 169 205 189 244 1 135 148 153 213 12 221 226 200 
176 194 186 31 82 83 79 243 81 178 38 207 156 239 198 44 206 23 162 89 161 32 85 255 87 235 20 31 112 92 60 121 152 132 95 221 251 194 159 188 232 42 179 80 38 57 189 59 151 15 
213 37 175 252 121 31 136 170 91 72 178 64 251 32 118 156 212 127 187 116 202 225 82 198 160 156 3 3 56 151 11 239 124 17 177 244 205 29 22 101 208 88 219 107 97 244 242 126 72 99 
228 2 70 105 224 199 2 78 68 187 155 183 115 10 212 21 23 207 13 210 39 60 60 117 211 65 152 170 196 74 158 158 109 214 41 27 37 59 218 135 58 110 235 60 202 95 2 188 225 38 
61 220 187 216 203 198 85 158 106 180 138 39 147 94 31 83 36 122 213 74 55 54 139 89 89 158 177 33 167 219 157 61 170 26 224 174 175 194 10 75 159 242 238 112 77 7 18 35 168 230 
164 216 203 33 132 214 127 250 42 0 142 240 233 62 29 227 221 231 23 100 50 41 108 222 126 4 114 180 210 190 202 234 7 234 27 77 145 25 222 63 3 7 208 135 111 224 209 116 108 157 
