44 70 131 -85 -95 14 -39 186 -14 -209 168 -31 -101 70 132 -71 -20 -22 67 -152 1 59 76 -86 29 9 101 -185 208 -80 66 -117 -20 0 -91 30 139 -24 58 36 -240 195 -27 -56 -38 79 80 -169 -7 -59 
134 101 -228 239 -202 -26 213 -123 70 -161 95 2 -30 164 -86 69 -110 73 -27 7 51 -114 97 -117 116 -78 95 -142 -56 -22 -4 231 -187 23 154 -18 -100 -42 -40 -19 244 -131 -46 60 77 -74 -55 -51 175 -15 
165 -88 124 -171 54 19 1 66 -156 -8 225 -118 35 -53 2 60 -86 -5 24 42 -52 103 -80 15 44 -152 -2 119 -66 132 6 -15 -5 -142 -20 32 140 -92 23 76 53 -38 -181 -14 122 -77 -25 88 113 -98 
233 -151 33 51 -98 118 -35 -25 -72 -22 24 15 24 -37 -3 -4 125 -69 -105 69 121 -26 -64 34 -105 72 22 89 12 -47 -178 53 81 71 -149 46 -98 71 8 5 7 -59 87 -36 158 -228 127 34 -126 160 
195 22 -166 -1 122 -7 30 -55 43 53 15 -198 -30 192 -29 -13 -111 174 -18 -19 -91 -23 108 -152 76 119 -46 56 -106 36 -35 14 -48 66 -47 96 -150 -66 204 -106 113 -11 -122 -40 81 53 -37 31 80 -116 
77 139 -9 -27 32 -105 -35 174 -68 -176 44 -31 157 80 -233 35 31 10 -39 15 76 40 -36 -98 69 56 -91 -13 89 56 -129 -83 216 -31 -113 151 -93 118 -50 -78 102 10 -16 31 -228 165 14 -64 -113 114 
39 181 18 14 -245 144 90 -159 125 -56 15 -140 -12 128 -102 211 -4 -205 133 30 41 -193 84 98 -65 -32 70 -66 12 -106 178 -76 -48 68 -155 3 200 -204 47 170 -218 154 -88 81 -30 -82 43 119 -115 114 
244 -239 213 -101 -6 -76 143 -159 182 -58 -92 12 91 -44 -50 93 -92 12 165 -70 14 71 -88 -28 -79 86 -143 70 184 -67 47 -41 -38 -102 125 -153 194 -72 -56 46 -106 12 89 -32 -91 236 -195 138 -63 28 
193 -99 -26 173 -59 6 -41 -111 178 -34 -14 -95 36 -72 100 85 -142 -36 181 -105 31 -117 21 84 103 -85 -84 -69 158 37 -38 43 -200 249 -217 190 -43 -61 -48 -60 14 172 -45 -136 190 -24 -7 -105 114 -118 
122 69 13 -71 -10 -73 25 109 -27 -101 140 18 -106 87 -101 62 -135 57 59 -64 98 -36 112 -216 120 44 -193 18 131 -78 58 -66 168 -100 -18 -66 153 8 -40 -5 47 -96 76 36 -89 -7 95 -143 -41 7 
89 158 -154 -49 140 -85 91 -184 92 -54 -44 133 -67 174 -38 26 -55 -142 7 15 146 -123 128 9 -1 28 -125 73 -158 65 59 10 -145 115 96 12 -87 68 22 -24 -121 155 -98 -113 139 -20 14 -122 33 26 
160 -15 -128 37 71 94 -188 -1 208 -132 -101 82 30 33 67 -182 23 94 -51 -95 242 -231 -12 157 53 -161 115 -17 -28 120 -14 -92 -102 20 -47 102 63 -25 -90 -41 227 -105 17 20 78 -154 140 -189 41 60 
185 -105 44 -2 68 -140 7 181 10 -42 -140 85 -7 102 -64 -127 21 -5 42 108 -157 69 -3 -62 -64 194 -164 160 -184 3 -6 196 -166 32 5 -65 187 -132 2 178 -194 -23 21 196 -122 78 -38 -79 9 117 
217 -178 102 -102 104 -40 98 -86 134 -216 158 -123 138 -43 36 55 -130 43 -25 -115 169 38 -217 202 -68 97 -209 188 -177 5 95 -130 201 13 -77 -119 188 3 9 -100 -18 117 -38 -56 -127 21 72 141 -116 -94 
138 -59 -33 57 -8 63 -87 138 -123 55 -92 38 17 -1 -11 -51 12 149 -115 17 -60 87 -82 70 -108 78 110 -79 129 0 -110 69 -39 -101 -59 239 2 -210 33 142 -149 94 -82 119 -124 152 -69 27 -120 24 
213 -121 21 47 -104 71 47 -5 -154 130 62 -79 -115 43 117 -45 44 -31 35 -98 -73 109 34 -59 -78 86 127 -75 31 74 -135 59 -136 148 -125 27 82 10 -70 1 22 85 -180 124 15 52 -143 90 -83 134 
19 85 111 -20 -69 -98 160 -122 110 -162 22 22 103 -118 -42 220 -94 82 22 -129 101 -159 -40 91 -66 220 -239 234 -192 -20 109 -129 71 28 -77 115 14 -101 -62 251 -187 81 -101 6 -49 171 77 -197 -24 27 
110 128 -147 -76 130 71 -191 208 -197 145 -60 8 117 -63 -146 183 -7 15 -129 -41 107 -163 136 -29 30 -131 181 -137 -38 92 -21 36 116 -180 99 66 -93 -68 49 53 -127 71 -85 43 -47 143 -118 64 -15 161 
0 207 -72 -83 183 -208 86 -93 88 -80 40 82 -57 -27 31 73 -105 135 51 -203 -33 11 17 33 -31 -14 -13 140 -22 -101 87 123 -93 -70 89 -46 -68 195 -104 -81 138 -116 151 -209 37 179 -145 -101 62 166 
157 5 -105 -37 30 5 97 -7 49 -5 -187 245 -233 188 -65 -39 -92 210 -107 -11 85 -59 2 35 51 19 -217 214 -101 88 -215 21 167 -71 58 22 -63 -126 227 -82 68 34 -159 -39 12 160 -186 41 49 23 
48 187 -40 -59 -72 -8 159 -112 147 -63 26 -128 130 -102 68 -141 166 -34 -118 178 -84 -140 33 133 -173 223 17 -54 -66 -17 8 58 -37 -36 -70 203 -7 -63 63 -162 186 -88 -62 -4 133 -129 97 21 -114 38 
185 -69 33 98 -211 77 61 33 -11 -78 -63 151 49 -37 -132 41 -109 105 -6 98 10 -39 12 -75 25 -128 94 -90 16 102 71 -182 135 84 -245 150 -42 -51 88 -34 -67 67 95 -169 -30 180 -86 42 9 -80 
181 -145 119 19 9 -181 145 -58 111 -160 9 17 30 26 36 92 -26 -192 137 -74 125 22 -231 65 12 78 5 -139 6 146 -9 -30 -82 80 73 -36 -15 -101 -8 -46 44 -34 178 -43 -79 106 41 -191 -9 160 
122 -44 119 38 -190 205 -202 206 -163 89 -76 43 88 -30 -111 85 -67 -35 81 -142 128 -59 2 -17 -2 169 -234 201 -198 149 -7 -128 183 -197 121 -79 -39 59 57 -124 113 74 -152 -2 51 38 97 -178 127 57 
101 19 68 -186 60 35 135 -156 57 -86 201 -139 -57 197 -149 144 -112 115 -192 16 -48 17 75 -57 144 -144 72 124 -207 130 13 -150 38 32 17 108 14 -221 113 -80 156 -84 -109 4 -26 125 -37 88 -98 30 
209 -177 176 -200 175 -81 136 -72 -120 70 51 -73 -90 247 -203 76 40 30 44 15 -163 76 31 -166 20 139 -136 50 70 -15 77 -139 151 -118 21 -19 69 -87 15 -71 -50 26 126 -154 36 163 -164 131 -132 171 
59 70 -10 76 -55 58 -151 -40 221 -171 -6 171 -196 217 -138 -20 -43 88 -80 185 -85 -89 -27 -34 80 36 38 32 53 -95 -83 96 -145 131 19 -81 66 6 -22 -55 16 -2 16 21 13 -117 88 -34 -8 -68 
143 -84 -16 210 -124 49 26 -6 -79 -13 -59 -24 8 132 -75 123 -74 -62 152 -217 241 -195 -18 97 -26 -30 -53 0 147 59 -52 19 -50 -58 35 -79 26 -9 108 -170 11 128 -71 158 -75 -37 135 -215 7 13 
224 -111 68 -3 -101 -14 162 -1 -196 122 -13 112 -228 186 -130 144 26 -113 90 -146 159 -181 61 54 54 -6 -61 15 -159 21 -30 99 111 -144 -46 38 33 -86 64 -51 18 116 -73 77 -137 34 49 -47 117 -87 
245 -22 -206 8 53 -5 -3 52 80 -62 94 -185 163 -10 -87 -93 131 -92 75 -64 12 -35 49 43 -15 66 -73 129 -180 143 -76 19 8 -74 -87 200 25 -216 226 -111 38 -111 -14 77 -9 135 -14 -149 59 11 
150 -112 180 -50 18 -60 10 88 -105 86 -171 114 -1 -15 -59 131 -161 70 -85 132 48 -201 224 -179 -20 91 -48 41 58 80 -127 83 -177 65 -85 153 19 1 -151 -5 4 194 -141 -65 25 120 -130 207 -243 173 
201 -33 -91 59 115 -190 -33 -5 176 -36 -90 169 -2 -225 55 143 -144 169 -121 137 -243 231 6 -41 -2 -144 -2 13 157 -177 49 -97 8 132 88 -158 -66 43 27 -49 68 138 -119 42 76 -213 125 87 -164 100 
41 -32 102 45 -26 85 -204 4 210 -155 47 -103 44 -32 117 -46 32 -26 98 19 -103 -2 131 -146 -34 71 -121 0 206 -45 62 -170 110 17 -136 132 -182 169 -102 150 -6 -114 62 -60 62 32 -99 -64 65 -35 
35 144 -162 26 70 106 -194 71 64 2 -148 6 69 -62 127 -18 -121 66 -48 140 27 -75 -58 -15 147 -86 -6 -46 146 -25 31 -90 -107 211 -21 -133 74 -37 33 -90 90 -74 163 -157 -4 142 -182 36 134 24 
88 -18 177 -170 -43 55 -40 174 -187 193 -195 36 16 -63 105 -84 160 -139 41 62 -75 46 12 -20 67 -23 -115 107 11 7 -77 -7 17 66 40 -215 183 15 -11 -168 154 -52 -73 145 -162 91 -118 167 -36 98 
109 137 -184 35 147 -231 200 -189 104 109 -146 60 -57 -47 39 -57 17 99 -71 49 -65 143 45 7 -168 -24 -24 -5 111 -6 86 -167 106 -148 162 -47 -23 101 -82 -48 123 -56 -78 -46 60 130 -50 -140 154 35 
239 -2 -186 99 -78 98 77 -55 22 -100 -100 103 123 -106 104 -84 -121 105 86 -145 95 33 -89 61 48 -154 96 -90 152 -108 31 -44 -18 2 -76 111 104 -102 35 -96 88 49 -113 -42 -34 164 -179 110 94 9 
129 -66 -35 169 -3 -191 194 -64 78 20 -176 65 121 2 -187 33 85 8 64 -235 200 -32 -128 110 72 -87 -122 126 89 -215 46 36 146 -129 -39 14 1 -88 209 -101 -72 93 -44 -14 -3 127 -76 118 -197 180 
201 -53 -90 126 6 -103 151 -68 -132 88 -25 84 -77 60 -45 60 -162 11 -11 64 -23 -61 32 68 -17 -36 -38 92 74 -61 69 58 -167 -54 205 -189 10 19 161 -181 123 -71 63 59 -68 -43 118 10 -21 4 
46 -25 73 -63 -17 104 -71 8 0 171 -174 53 -55 200 -183 166 10 -50 -43 86 -57 -77 137 -111 89 -9 -52 -3 81 -71 -7 70 -92 -122 108 9 -39 134 -25 -151 180 -16 -23 -11 18 -47 50 -98 -94 23 
67 -16 60 64 -139 57 111 -92 60 50 -77 -139 214 -202 17 144 -152 106 -123 214 -17 -61 -58 74 -141 -2 21 165 -117 34 76 -11 -78 90 -13 63 -192 152 -134 176 -240 176 -27 -60 146 -18 -78 -25 40 -22 
77 -74 68 0 90 16 57 -10 18 -222 76 0 -70 65 3 44 -82 179 -203 189 32 -215 176 -34 -31 -56 134 -53 59 -204 76 73 -103 163 -158 119 53 -196 -36 -8 110 63 54 -91 -18 -15 -99 228 -128 116 
158 41 -131 66 15 -9 108 -212 49 127 -129 -12 117 -98 39 44 -144 177 -4 45 -99 -48 -27 81 -75 11 118 -161 188 18 -84 56 21 -2 -98 -40 113 -134 0 -76 8 -14 88 -34 12 76 -127 178 -41 -2 
255 -8 -17 -219 236 -145 150 -17 -133 -79 -4 6 178 -9 33 -4 -199 138 -57 47 92 1 -118 -45 104 -161 29 -12 118 -127 110 101 -13 -208 22 145 -124 3 183 -89 13 -141 217 -122 95 17 -209 52 -71 190 
8 150 -31 68 -104 81 33 -88 -27 -35 -34 132 -138 170 -82 -74 87 -21 71 -164 16 225 -236 97 94 7 -18 -85 141 -9 -24 7 -181 3 58 20 102 -100 -101 10 -11 152 48 -212 125 -103 210 -18 -35 -4 
130 -105 42 -42 111 55 -1 -34 -65 -21 -55 197 -157 185 -17 -183 141 49 -1 -10 -141 146 -1 -110 -21 50 -86 -20 160 -152 7 -44 150 7 1 38 -129 20 68 -142 41 94 -104 61 118 -117 -39 159 -178 39 
106 70 -85 -30 -35 77 -64 4 107 -74 179 -7 -165 46 -61 93 -59 -1 131 -92 110 -184 0 2 113 47 -87 1 27 -86 59 95 -232 83 155 -106 -90 51 -61 173 -69 78 -45 -72 76 6 -2 -50 -14 73 
8 162 26 -192 102 0 78 47 -89 -114 223 -13 -130 -53 122 -62 13 82 -199 32 48 144 -74 -159 205 26 -157 83 -102 88 -94 167 -101 127 -195 167 -18 -129 110 -29 -39 3 30 37 -4 -1 -23 -62 40 38 
22 75 -14 162 -46 -112 122 -28 -30 16 24 -28 5 16 60 -81 52 -136 91 -102 131 -77 123 -131 -1 -96 121 -109 64 -30 152 -209 37 170 -136 152 -35 -154 75 16 -10 22 -111 33 -29 209 -143 -98 139 -29 
16 28 182 0 -80 -72 -29 113 -93 -23 205 -128 -17 46 -113 15 50 142 -65 -44 -50 72 -116 -18 -12 66 65 100 -68 -84 -6 -3 23 -60 0 188 -165 35 35 -112 64 70 62 -45 -109 -61 33 99 114 -6 
135 118 -138 43 -102 -16 175 31 -86 -61 7 138 -89 -19 36 42 -20 -22 -43 33 -43 -56 27 -81 -4 134 -35 90 -185 3 172 -46 23 1 -56 -60 32 -76 154 16 -29 58 -57 -16 -90 -32 75 -72 21 174 
91 -4 -1 93 53 -221 97 -65 203 -96 61 -165 27 56 -114 -1 139 -142 152 65 -192 207 -146 98 -180 -7 186 -115 129 0 -117 -69 111 -54 115 -19 -13 -53 69 24 -26 -11 31 -140 -34 48 -70 141 102 -143 
95 -89 49 1 -11 105 92 -237 217 -108 -77 214 -154 86 -41 -15 -123 175 32 -68 96 -55 62 -37 -41 -88 -2 162 -44 -176 88 112 -166 9 79 14 -117 168 -125 24 13 -40 62 -47 109 -54 -149 65 36 -18 
82 -7 -70 199 -157 28 43 16 47 -1 -136 -19 17 3 42 -1 -24 68 -77 129 -12 -55 -14 53 69 -32 -123 55 62 61 -166 142 -92 1 29 -7 -120 13 192 -176 83 -91 77 -36 0 101 -90 90 54 -38 
176 23 47 -9 -132 53 -95 -19 107 -110 83 -4 75 -15 -126 -27 29 105 -51 -35 175 -74 71 -207 182 -46 14 0 -142 -7 118 -109 90 35 -90 112 -82 -59 73 -36 -74 142 6 -122 149 -56 -25 0 -74 3 
130 -54 98 -5 -13 40 -29 -61 97 -63 -111 166 10 24 -102 -45 75 -106 17 -22 73 30 41 -13 -75 99 -9 -80 -71 -10 -2 97 63 -132 -37 120 71 9 -90 -85 39 98 62 -173 136 -142 139 -98 -10 60 
90 89 -117 105 28 2 -28 -159 112 71 -60 103 -121 -83 154 -38 71 -216 122 99 -10 -88 29 97 -32 -73 -12 -105 67 -71 80 46 48 -192 2 81 -61 137 -91 104 -1 -166 160 54 -180 -30 168 23 -28 -163 
71 32 59 -93 117 -17 -109 162 -124 -15 140 10 -13 -50 82 -205 -36 217 -108 -18 122 -77 -91 -46 242 1 -162 61 35 -44 79 -61 78 -94 -95 -25 14 188 20 -237 25 165 2 -77 -48 62 -49 -5 68 -69 
130 27 -79 28 -84 145 -80 115 -109 65 -116 -16 145 -10 -139 192 -89 89 -16 16 38 -71 -54 49 -160 5 234 -180 -3 129 -173 142 -2 -85 80 75 -74 -14 -5 -130 177 -61 18 6 -126 100 116 -221 104 47 
214 -89 -57 -5 16 -33 185 -65 15 70 -249 214 -40 42 -87 0 36 -1 -67 -36 -27 34 125 -114 81 77 -179 -13 28 84 -48 -58 -26 90 -65 74 14 -82 23 -50 80 -10 -53 60 87 -52 73 -199 206 9 
197 6 -56 54 -20 -34 -56 101 -89 80 23 -176 189 -11 37 -209 114 -52 72 -96 -74 120 -80 174 -182 118 -147 73 -51 169 -18 -64 38 -89 56 107 -75 -50 -73 32 159 5 -181 28 -17 30 136 17 -211 -21 
38 40 109 27 -191 108 -6 56 -142 142 -130 -5 -21 161 43 -135 109 -150 199 -24 -88 -56 -42 10 34 -80 190 -175 -5 85 -53 35 87 -110 -59 10 71 -26 -23 173 6 -32 -28 -82 15 -46 -1 205 -46 40 
201 51 -167 118 -21 -80 111 -101 15 -107 -11 91 -55 92 55 -107 143 -51 7 9 -114 58 69 -171 2 212 -202 111 -63 -47 -11 -32 3 103 60 37 -72 -32 139 9 -217 -32 242 -209 213 -56 -90 -67 90 13 
237 -142 -94 37 66 96 -122 10 71 55 5 -136 -6 148 -91 118 -162 14 -5 -65 4 152 -99 108 -22 -21 -63 -93 96 7 104 -122 140 -37 30 33 -64 19 -42 -86 161 -183 135 -54 102 -66 -91 106 -41 -99 
213 -46 -117 -17 87 118 -156 -64 123 29 -97 107 32 -108 35 12 -78 -52 175 -86 66 -171 201 16 -9 35 -71 -118 59 -3 -78 171 -167 -35 212 -18 55 -185 115 -172 169 -82 -43 160 -142 -24 -4 96 -139 183 
224 30 -162 112 -165 -27 48 191 -204 -42 63 160 -192 36 165 -102 -32 -39 160 0 -166 38 -55 19 109 -108 -21 125 -27 86 -60 32 -48 -38 67 -6 3 -140 63 73 49 17 -102 -83 -1 51 -20 -75 80 19 
55 27 116 -116 1 126 -178 84 119 -115 -93 25 167 -99 20 -20 35 -31 -66 143 -147 -31 2 23 157 -25 20 -79 25 -99 43 143 -109 102 -182 -19 -2 197 -14 -29 -5 78 -242 68 70 -69 -43 191 -157 108 
28 116 -113 68 -27 33 -18 82 -143 -7 204 24 -148 45 65 -45 12 -12 -126 -27 210 -166 -17 -10 159 -165 -2 114 -78 31 39 121 -141 113 -133 21 110 26 -227 59 80 -154 245 -17 -1 -53 -29 -32 -14 67 
139 -55 127 -109 86 6 -5 -111 -11 -55 149 -78 38 -79 -26 17 -2 68 10 -52 168 -163 67 1 116 -213 25 80 -75 -48 -10 171 -55 109 4 -191 -5 59 66 -100 176 -191 207 -202 19 78 3 -6 -101 27 
217 -171 101 -54 -58 132 51 -116 115 -26 -83 -103 214 -50 22 -20 -71 -5 33 -25 -19 12 11 42 42 -168 131 65 -79 110 -36 -129 52 -134 147 -1 5 -100 98 -107 -44 226 -193 204 -192 31 101 7 -19 -65 
180 24 17 -49 -168 4 60 97 -50 -51 41 -17 -36 -48 129 50 -170 165 49 -215 228 -162 -6 144 -202 50 56 -100 157 -81 129 -28 -30 34 10 -157 175 -196 141 17 -43 -36 21 20 -149 7 178 -55 -119 157 
66 -13 30 81 0 14 -82 31 60 -108 -17 187 -93 -105 16 13 -35 104 97 -79 -144 -21 174 27 -152 96 -39 133 -126 -81 92 -1 -4 108 -122 -44 66 -18 -26 107 57 -99 10 6 -1 50 -24 -132 19 41 
170 77 -68 -8 43 -33 -40 -125 61 95 -111 125 -138 123 -145 9 3 25 50 107 -187 -3 100 -86 -4 199 -32 -113 130 -70 -63 85 13 2 -162 218 -174 156 -148 -32 -14 97 -20 -39 136 -84 14 36 -121 -6 
121 85 -125 162 -54 -124 -9 7 192 -153 -33 -49 125 54 15 -29 46 -84 101 -133 127 -184 172 -31 19 -18 -88 134 -107 23 -77 64 -75 123 -176 225 -169 -18 78 -94 24 105 68 -87 -87 53 -98 230 -68 6 
178 -11 77 -87 81 -40 30 -57 -62 51 -86 105 74 -206 143 5 -117 165 -91 -67 -24 23 145 -89 -26 -47 158 -184 178 -55 -149 186 -41 -9 -78 100 -165 62 143 2 -170 -5 195 -163 -46 226 -223 -8 101 89 
139 75 -16 -121 -20 17 67 -31 -78 176 28 -79 70 -115 -19 99 -171 62 17 -50 140 21 -205 98 89 -162 -19 74 162 -140 15 -111 118 108 -180 154 41 -137 -60 -41 4 170 4 -108 66 20 -35 -16 -23 84 
140 -38 27 39 -144 38 -24 164 -148 41 -65 175 -141 136 50 -127 -3 14 -57 -61 182 36 -157 42 -101 215 -21 16 -54 -147 65 140 -168 -60 182 -22 50 -27 10 10 -90 27 -128 190 -84 87 -1 -106 124 2 
170 -169 167 10 59 -117 -86 2 173 -108 38 -48 27 65 -3 19 26 -214 45 25 75 -66 -90 197 -121 160 -145 38 126 -229 142 1 -38 83 -116 98 49 0 -219 89 61 -33 58 -103 -63 179 -141 7 55 -88 
102 -97 28 3 96 61 -149 112 37 29 -162 148 -141 116 -44 11 101 -233 94 -79 203 -190 -40 1 166 -28 -65 128 -21 -137 -37 63 22 -11 -74 197 -20 -88 132 -217 185 9 19 -128 -99 122 -67 -53 14 170 
201 -184 181 -187 233 -1 -132 88 -81 100 -119 53 7 -4 -125 78 92 -177 20 156 -197 182 -81 138 -147 -22 -68 220 9 -74 -108 174 -71 63 -12 31 -219 -14 58 139 -80 35 -102 153 -106 13 -43 159 -39 -184 
201 -197 36 108 44 45 -12 -30 -149 41 122 -168 163 -112 7 -57 5 -18 206 -182 -14 162 -85 27 -58 38 -40 41 49 81 -99 -20 112 -42 -69 -115 198 -24 -20 -136 56 139 -224 53 68 -63 98 43 -164 78 
129 -118 229 -210 70 96 -139 60 72 -121 112 -163 77 -80 22 -22 187 -125 114 13 -128 138 -93 66 -185 18 142 47 5 -1 -195 144 -137 196 -50 -75 97 -39 59 -130 116 -93 101 -129 -63 223 -199 10 -41 171 
108 96 -159 3 127 -173 73 -3 89 -71 -35 -7 163 6 -137 26 67 -93 -61 86 9 -33 78 59 -119 8 88 -3 -127 -47 57 145 -53 13 -21 -154 55 151 -176 199 -220 231 -19 -223 246 -237 115 -116 51 7 
77 111 30 -103 106 -104 -53 -31 153 -169 219 -48 -109 8 23 9 -59 70 -105 108 -81 184 -162 148 -19 -64 -38 51 -38 31 -34 -92 71 62 -46 60 -132 89 72 29 -177 -7 175 -102 124 -225 121 93 -212 159 
21 -7 231 -185 28 -84 222 -216 64 14 88 7 0 -99 72 -8 -148 133 -66 108 -139 122 -127 54 69 93 -49 -153 188 -194 211 -87 -4 -66 -83 173 -152 58 60 -94 166 15 -46 30 -137 140 14 -73 70 -193 
205 -15 -103 -42 85 12 -23 44 -163 243 -70 16 53 -13 -172 -8 158 44 -156 153 -216 218 -248 35 184 -93 0 -81 85 75 -199 111 102 -91 108 -138 29 71 -82 85 -70 -64 118 -5 49 -140 131 -184 55 -60 
201 -30 45 3 34 -125 -127 212 29 -104 67 -46 10 -133 186 -44 -134 48 84 72 -21 -167 -10 66 11 90 -141 123 -65 70 -149 157 -56 -22 67 -105 102 -88 -29 76 -144 226 -226 181 -150 150 -136 -30 227 -214 
108 15 -93 41 81 -98 136 58 -183 -57 111 14 26 -135 226 -208 77 131 -13 -189 159 -57 64 -54 3 71 -193 118 85 -145 -10 -7 125 14 31 -96 -109 191 -154 55 65 48 -196 87 -38 -9 130 -74 -48 147 
70 153 -209 187 -136 -28 209 -142 89 -80 30 6 -44 -30 71 -125 116 -27 138 -198 188 -69 -46 -14 89 -8 -175 109 -4 6 -56 154 -33 -110 118 -199 247 -154 -40 130 -139 201 -161 170 -162 11 20 114 -54 -41 
204 24 -70 40 -135 -34 58 -41 82 39 -17 -107 128 -140 72 43 -68 -21 122 -12 17 -81 -37 -50 187 -196 121 -86 73 114 -97 -37 120 -100 77 -22 74 -43 -35 -121 16 175 -202 179 -62 76 19 -37 -139 1 
56 100 -59 -68 188 -41 -88 95 -57 -82 -13 72 141 -187 196 -199 171 -122 65 47 -7 1 -146 143 -63 81 -168 124 -127 -42 237 -30 -90 -55 11 -29 -5 87 112 -206 91 90 -37 63 -30 -169 -6 58 138 -11 
237 -170 100 -148 116 13 -12 -20 121 -33 -203 107 99 -180 37 -6 76 -39 155 -163 33 -98 70 56 -116 97 11 104 -8 -127 -68 55 -84 50 46 -64 29 42 114 -201 -16 86 107 28 -199 95 -61 173 -130 87 
216 -28 -15 -121 124 53 -204 11 8 196 -171 101 24 -190 159 -100 4 165 -70 31 -190 216 -86 77 14 -10 -16 -188 206 12 -150 150 9 5 -87 -92 147 -14 -58 -74 123 -95 34 89 -35 -107 170 -58 -14 -163 
254 -157 -83 180 31 -151 -30 135 -129 85 34 -157 160 9 30 -143 13 -39 39 -77 38 183 18 -47 -112 169 -118 104 -127 64 8 -51 27 -55 138 -193 175 -68 -152 116 -17 50 -146 208 -96 30 -112 36 126 -45 
145 -9 -69 9 129 -118 86 5 -167 81 -73 204 -77 -71 27 10 -94 68 81 -41 -56 119 -125 -32 168 -116 152 -56 -178 139 48 -16 -18 -129 165 -170 -16 137 -129 99 -109 177 62 -214 87 72 -112 108 29 5 
42 123 88 -173 70 -103 180 -67 -114 196 -63 -122 -29 26 76 -96 -17 31 50 -28 -25 -36 137 -51 158 -191 38 45 11 66 -209 195 -195 57 -46 84 -76 215 -67 -48 -35 149 -223 128 -86 174 -125 140 -215 -29 
110 -10 -100 67 161 -46 35 -180 149 -84 150 -146 -29 136 6 34 -177 -40 179 -87 87 -132 -78 106 95 -100 -97 -1 25 -22 51 -33 111 -115 -20 109 61 -28 17 -10 -55 94 -117 4 77 -145 11 10 153 47 
4 149 -90 24 13 134 -53 -115 161 1 -66 92 -94 83 -81 -55 -107 69 13 -63 -2 171 60 -189 54 9 64 -38 -88 5 172 -158 149 -226 205 11 -162 -48 114 54 -75 95 -175 234 -46 -130 20 -59 115 -76 
240 -47 -9 -135 81 70 -53 -70 158 -150 134 -58 43 -86 -5 119 -52 -169 135 71 -22 -153 29 144 -139 -30 155 -16 -102 76 84 -58 -92 98 13 -79 -51 -53 55 42 109 -103 123 -216 52 53 -119 121 65 -171 
140 74 -183 189 15 -193 -7 207 -84 -74 -42 -41 112 -92 185 -129 -22 68 -115 30 65 51 -30 121 -88 80 -17 -147 -73 118 4 122 -156 73 -63 -45 -14 -11 38 86 -97 8 52 -97 128 -62 8 142 -179 168 
