44 114 245 160 65 79 40 226 212 3 171 140 39 109 241 170 150 128 195 43 44 103 179 93 122 131 232 47 255 175 241 124 104 104 13 43 182 158 216 252 12 207 180 124 86 165 245 76 69 10 
134 235 7 246 44 18 231 108 178 17 112 114 84 248 162 231 121 194 167 174 225 111 208 91 207 129 224 82 26 4 0 231 44 67 221 203 103 61 21 2 246 115 69 129 206 132 77 26 201 186 
165 77 201 30 84 103 104 170 14 6 231 113 148 95 97 157 71 66 90 132 80 183 103 118 162 10 8 127 61 193 199 184 179 37 17 49 189 97 120 196 249 211 30 16 138 61 36 124 237 139 
233 82 115 166 68 186 151 126 54 32 56 71 95 58 55 51 176 107 2 71 192 166 102 136 31 103 125 214 226 179 1 54 135 206 57 103 5 76 84 89 96 37 124 88 246 18 145 179 53 213 
195 217 51 50 172 165 195 140 183 236 251 53 23 215 186 173 62 236 218 199 108 85 193 41 117 236 190 246 140 176 141 155 107 173 126 222 72 6 210 104 217 206 84 44 125 178 141 172 252 136 
77 216 207 180 212 107 72 246 178 2 46 15 172 252 19 54 85 95 56 71 147 187 151 53 122 178 87 74 163 219 90 7 223 192 79 230 137 255 205 127 229 239 223 254 26 191 205 141 28 142 
39 220 238 252 7 151 241 82 207 151 166 26 14 142 40 251 247 42 175 205 246 53 137 235 170 138 208 142 154 48 226 150 102 170 15 18 218 14 61 231 13 167 79 160 130 48 91 210 95 209 
244 5 218 117 111 35 178 19 201 143 51 63 154 110 60 153 61 73 238 168 182 253 165 137 58 144 1 71 255 188 235 194 156 54 179 26 220 148 92 138 32 44 133 101 10 246 51 189 126 154 
193 94 68 241 182 188 147 36 214 180 166 71 107 35 135 220 78 42 223 118 149 32 53 137 240 155 71 2 160 197 159 202 2 251 34 224 181 120 72 12 26 198 153 17 207 183 176 71 185 67 
122 191 204 133 123 50 75 184 157 56 196 214 108 195 94 156 21 78 137 73 171 135 247 31 151 195 2 20 151 73 131 65 233 133 115 49 202 210 170 165 212 116 192 228 139 132 227 84 43 50 
89 247 93 44 184 99 190 6 98 44 0 133 66 240 202 228 173 31 38 53 199 76 204 213 212 240 115 188 30 95 154 164 19 134 230 242 155 223 245 221 100 255 157 44 183 163 177 55 88 114 
160 145 17 54 125 219 31 30 238 106 5 87 117 150 217 35 58 152 101 6 248 17 5 162 215 54 169 152 124 244 230 138 36 56 9 111 174 149 59 18 245 140 157 177 255 101 241 52 93 153 
185 80 124 122 190 50 57 238 248 206 66 151 144 246 182 55 76 71 113 221 64 133 130 68 4 198 34 194 10 13 7 203 37 69 74 9 196 64 66 244 50 27 48 244 122 200 162 83 92 209 
217 39 141 39 143 103 201 115 249 33 191 68 206 163 199 254 124 167 142 27 196 234 17 219 151 248 39 227 50 55 150 20 221 234 157 38 226 229 238 138 120 237 199 143 16 37 109 250 134 40 
138 79 46 103 95 158 71 209 86 141 49 87 104 103 92 41 53 202 87 104 44 131 49 119 11 89 199 120 249 249 139 208 169 68 9 248 250 40 73 215 66 160 78 197 73 225 156 183 63 87 
213 92 113 160 56 127 174 169 15 145 207 128 13 56 173 128 172 141 176 78 5 114 148 89 11 97 224 149 180 254 119 178 42 190 65 92 174 184 114 115 137 222 42 166 181 233 90 180 97 231 
19 104 215 195 126 28 188 66 176 14 36 58 161 43 1 221 127 209 231 102 203 44 4 95 29 249 10 244 52 32 141 12 83 111 34 149 163 62 0 251 64 145 44 50 1 172 249 52 28 55 
110 238 91 15 145 216 25 233 36 181 121 129 246 183 37 220 213 228 99 58 165 2 138 109 139 8 189 52 14 106 85 121 237 57 156 222 129 61 110 163 36 107 22 65 18 161 43 107 92 253 
0 207 135 52 235 27 113 20 108 28 68 150 93 66 97 170 65 200 251 48 15 26 43 76 45 31 18 158 136 35 122 245 152 82 171 125 57 252 148 67 205 89 240 31 68 247 102 1 63 229 
157 162 57 20 50 55 152 145 194 189 2 247 14 202 137 98 6 216 109 98 183 124 126 161 212 231 14 228 127 215 0 21 188 117 175 197 134 8 235 153 221 255 96 57 69 229 43 84 133 156 
48 235 195 136 64 56 215 103 250 187 213 85 215 113 181 40 206 172 54 232 148 8 41 174 1 224 241 187 121 104 112 170 133 97 27 230 223 160 223 61 247 159 97 93 226 97 194 215 101 139 
185 116 149 247 36 113 174 207 196 118 55 206 255 218 86 127 18 123 117 215 225 186 198 123 148 20 114 24 40 142 213 31 166 250 5 155 113 62 150 116 49 116 211 42 12 192 106 148 157 77 
181 36 155 174 183 2 147 89 200 40 49 66 96 122 158 250 224 32 169 95 220 242 11 76 88 166 171 32 38 184 175 145 63 143 216 180 165 64 56 10 54 20 198 155 76 182 223 32 23 183 
122 78 197 235 45 250 48 254 91 180 104 147 235 205 94 179 112 77 158 16 144 85 87 70 68 237 3 204 6 155 148 20 203 6 127 48 9 68 125 1 114 188 36 34 85 123 220 42 169 226 
101 120 188 2 62 97 232 76 133 47 248 109 52 249 100 244 132 247 55 71 23 40 115 58 202 58 130 254 47 177 190 40 78 110 127 235 249 28 141 61 217 133 24 28 2 127 90 178 80 110 
209 32 208 8 183 102 238 166 46 116 167 94 4 251 48 124 164 194 238 253 90 166 197 31 51 190 54 104 174 159 236 97 248 130 151 132 201 114 129 58 8 34 160 6 42 205 41 172 40 211 
59 129 119 195 140 198 47 7 228 57 51 222 26 243 105 85 42 130 50 235 150 61 34 0 80 116 154 186 239 144 61 157 12 143 162 81 147 153 131 76 92 90 106 127 140 23 111 77 69 1 
143 59 43 253 129 178 204 198 119 106 47 23 31 163 88 211 137 75 227 10 251 56 38 135 109 79 26 26 173 232 180 199 149 91 126 47 73 64 172 2 13 141 70 228 153 116 251 36 43 56 
224 113 181 178 77 63 225 224 28 150 137 249 21 207 77 221 247 134 224 78 237 56 117 171 225 219 158 173 14 35 5 104 215 71 25 63 96 10 74 23 41 157 84 161 24 58 107 60 177 90 
245 223 17 25 78 73 70 122 202 140 234 49 212 202 115 22 153 61 136 72 84 49 98 141 126 192 119 248 68 211 135 154 162 88 1 201 226 10 236 125 163 52 38 115 106 241 227 78 137 148 
150 38 218 168 186 126 136 224 119 205 34 148 147 132 73 204 43 113 28 160 208 7 231 52 32 123 75 116 174 254 127 210 33 98 13 166 185 186 35 30 34 228 87 22 47 167 37 244 1 174 
201 168 77 136 251 61 28 23 199 163 73 242 240 15 70 213 69 238 117 254 11 242 248 207 205 61 59 72 229 52 101 4 12 144 232 74 8 51 78 29 97 235 116 158 234 21 146 233 69 169 
41 9 111 156 130 215 11 15 225 70 117 14 58 26 143 97 129 103 201 220 117 115 246 100 66 137 16 16 222 177 239 69 179 196 60 192 10 179 77 227 221 107 169 109 171 203 104 40 105 70 
35 179 17 43 113 219 25 96 160 162 14 20 89 27 154 136 15 81 33 173 200 125 67 52 199 113 107 61 207 182 213 123 16 227 206 73 147 110 143 53 143 69 232 75 71 213 31 67 201 225 
88 70 247 77 34 89 49 223 36 229 34 70 86 23 128 44 204 65 106 168 93 139 151 131 198 175 60 167 178 185 108 101 118 184 224 9 192 207 196 28 182 130 57 202 40 131 13 180 144 242 
109 246 62 97 244 13 213 24 128 237 91 151 94 47 86 29 46 145 74 123 58 201 246 253 85 61 37 32 143 137 223 56 162 14 176 129 106 207 125 77 200 144 66 20 80 210 160 20 174 209 
239 237 51 150 72 170 247 192 214 114 14 117 240 134 238 154 33 138 224 79 174 207 118 179 227 73 169 79 231 123 154 110 92 94 18 129 233 131 166 70 158 207 94 52 18 182 3 113 207 216 
129 63 28 197 194 3 197 133 211 231 55 120 241 243 56 89 174 182 246 11 211 179 51 161 233 146 24 150 239 24 70 106 252 123 84 98 99 11 220 119 47 140 96 82 79 206 130 248 51 231 
201 148 58 184 190 87 238 170 38 126 101 185 108 168 123 183 21 32 21 85 62 1 33 101 84 48 10 102 176 115 184 242 75 21 226 37 47 66 227 46 169 98 161 220 152 109 227 237 216 220 
46 21 94 31 14 118 47 55 55 226 52 105 50 250 67 233 243 193 150 236 179 102 239 128 217 208 156 153 234 163 156 226 134 12 120 129 90 224 199 48 228 212 189 178 196 149 199 101 7 30 
67 51 111 175 36 93 204 112 172 222 145 6 220 18 35 179 27 133 10 224 207 146 88 162 21 19 40 205 88 122 198 187 109 199 186 249 57 209 75 251 11 187 160 100 246 228 150 125 165 143 
77 3 71 71 161 177 234 224 242 20 96 96 26 91 94 138 56 235 32 221 253 38 214 180 149 93 227 174 233 29 105 178 75 238 80 199 252 56 20 12 122 185 239 148 130 115 16 244 116 232 
158 199 68 134 149 140 248 36 85 212 83 71 188 90 129 173 29 206 202 247 148 100 73 154 79 90 208 47 235 253 169 225 246 244 146 106 219 85 85 9 17 3 91 57 69 145 18 196 155 153 
255 247 230 11 247 102 252 235 102 23 19 25 203 194 227 223 24 162 105 152 244 245 127 82 186 25 54 42 160 33 143 244 231 23 45 190 66 69 252 163 176 35 252 130 225 242 33 85 14 204 
8 158 127 195 91 172 205 117 90 55 21 153 15 185 103 29 116 95 166 2 18 243 7 104 198 205 187 102 243 234 210 217 36 39 97 117 219 119 18 28 17 169 217 5 130 27 237 219 184 180 
130 25 67 25 136 191 190 156 91 70 15 212 55 240 223 40 181 230 229 219 78 224 223 113 92 142 56 36 196 44 51 7 157 164 165 203 74 94 162 20 61 155 51 112 230 113 74 233 55 94 
106 176 91 61 26 103 39 43 150 76 255 248 83 129 68 161 102 101 232 140 250 66 66 68 181 228 141 142 169 83 142 237 5 88 243 137 47 98 37 210 141 219 174 102 178 184 182 132 118 191 
8 170 196 4 106 106 184 231 142 28 251 238 108 55 177 115 128 210 11 43 91 235 161 2 207 233 76 159 57 145 51 218 117 244 49 216 198 69 179 150 111 114 144 181 177 176 153 91 131 169 
22 97 83 245 199 87 209 181 151 167 191 163 168 184 244 163 215 79 170 68 199 122 245 114 113 17 138 29 93 63 215 6 43 213 77 229 194 40 115 131 121 143 32 65 36 245 102 4 143 114 
16 44 226 226 146 74 45 158 65 42 247 119 102 148 35 50 100 242 177 133 83 155 39 21 9 75 140 240 172 88 82 79 102 42 42 230 65 100 135 23 87 157 219 174 65 4 37 136 250 244 
135 253 115 158 56 40 215 246 160 99 106 244 155 136 172 214 194 172 129 162 119 63 90 9 5 139 104 194 9 12 184 138 161 162 106 46 78 2 156 172 143 201 144 128 38 6 81 9 30 204 
91 87 86 179 232 11 108 43 246 150 211 46 73 129 15 14 153 11 163 228 36 243 97 195 15 8 194 79 208 208 91 22 133 79 194 175 162 109 178 202 176 165 196 56 22 70 0 141 243 100 
95 6 55 56 45 150 242 5 222 114 37 251 97 183 142 127 4 179 211 143 239 184 246 209 168 80 78 240 196 20 108 220 54 63 142 156 39 207 82 106 119 79 141 94 203 149 0 65 101 83 
82 75 5 204 47 75 118 134 181 180 44 25 42 45 87 86 62 130 53 182 170 115 101 154 223 191 68 123 185 246 80 222 130 131 160 153 33 46 238 62 145 54 131 95 95 196 106 196 250 212 
176 199 246 237 105 158 63 44 151 41 124 120 195 180 54 27 56 161 110 75 250 176 247 40 222 176 190 190 48 41 159 50 140 175 85 197 115 56 129 93 19 161 167 45 194 138 113 113 39 42 
130 76 174 169 156 196 167 106 203 140 29 195 205 229 127 82 157 51 68 46 119 149 190 177 102 201 192 112 41 31 29 126 189 57 20 140 211 220 130 45 84 182 244 71 207 65 204 106 96 156 
90 179 62 167 195 197 169 10 122 193 133 236 115 32 186 148 219 3 125 224 214 126 155 252 220 147 135 30 97 26 106 152 200 8 10 91 30 167 76 180 179 13 173 227 47 17 185 208 180 17 
71 103 162 69 186 169 60 222 98 83 223 233 220 170 252 47 11 228 120 102 224 147 56 10 252 253 91 152 187 143 222 161 239 145 50 25 39 227 247 10 35 200 202 125 77 139 90 85 153 84 
130 157 78 106 22 167 87 202 93 158 42 26 171 161 22 214 125 214 198 214 252 181 127 176 16 21 255 75 72 201 28 170 168 83 163 238 164 150 145 15 192 131 149 155 29 129 245 24 128 175 
214 125 68 63 79 46 231 166 181 251 2 216 176 218 131 131 167 166 99 63 36 70 195 81 162 239 60 47 75 159 111 53 27 117 52 126 140 58 81 31 111 101 48 108 195 143 216 17 223 232 
197 203 147 201 181 147 91 192 103 183 206 30 219 208 245 36 150 98 170 74 0 120 40 214 32 150 3 76 25 194 176 112 150 61 117 224 149 99 26 58 217 222 41 69 52 82 218 235 24 3 
38 78 187 214 23 131 125 181 39 181 51 46 25 186 229 94 203 53 252 228 140 84 42 52 86 6 196 21 16 101 48 83 170 60 1 11 82 56 33 206 212 180 152 70 85 39 38 243 197 237 
201 252 85 203 182 102 213 112 127 20 9 100 45 137 192 85 228 177 184 193 79 137 206 35 37 249 47 158 95 48 37 5 8 111 171 208 136 104 243 252 35 3 245 36 249 193 103 36 126 139 
237 95 1 38 104 200 78 88 159 214 219 83 77 225 134 252 90 104 99 34 38 190 91 199 177 156 93 0 96 103 207 85 225 188 218 251 187 206 164 78 239 56 191 137 239 173 82 188 147 48 
213 167 50 33 120 238 82 18 141 170 73 180 212 104 139 151 73 21 196 110 176 5 206 222 213 248 177 59 118 115 37 208 41 6 218 200 255 70 185 13 182 100 57 217 75 51 47 143 4 187 
224 254 92 204 39 12 60 251 47 5 68 228 36 72 237 135 103 64 224 224 58 96 41 60 169 61 40 165 138 224 164 196 148 110 177 171 174 34 97 170 219 236 134 51 50 101 81 6 86 105 
55 82 198 82 83 209 31 115 234 119 26 51 218 119 139 119 154 123 57 200 53 22 24 47 204 179 199 120 145 46 89 232 123 225 43 24 22 219 205 176 171 249 7 75 145 76 33 224 67 175 
28 144 31 99 72 105 87 169 26 19 223 247 99 144 209 164 176 164 38 11 221 55 38 28 187 22 20 134 56 87 126 247 106 219 86 107 217 243 16 75 155 1 246 229 228 175 146 114 100 167 
139 84 211 102 188 194 189 78 67 12 161 83 121 42 16 33 31 99 109 57 225 62 129 130 246 33 58 138 63 15 5 176 121 230 234 43 38 97 163 63 239 48 255 53 72 150 153 147 46 73 
217 46 147 93 35 167 218 102 217 191 108 5 219 169 191 171 100 95 128 103 84 96 107 149 191 23 154 219 140 250 214 85 137 3 150 149 154 54 152 45 1 227 34 238 46 77 178 185 166 101 
180 204 221 172 4 8 68 165 115 64 105 88 52 4 133 183 13 178 227 12 240 78 72 216 14 64 120 20 177 96 225 197 167 201 211 54 229 33 174 191 148 112 133 153 4 11 189 134 15 172 
66 53 83 164 164 178 96 127 187 79 62 249 156 51 67 80 45 149 246 167 23 2 176 203 51 147 108 241 115 34 126 125 121 229 107 63 129 111 85 192 249 150 160 166 165 215 191 59 78 119 
170 247 179 171 214 181 141 16 77 172 61 186 48 171 26 35 38 63 113 220 33 30 130 44 40 239 207 94 224 154 91 176 189 191 29 247 73 229 81 49 35 132 112 73 209 125 139 175 54 48 
121 206 81 243 189 65 56 63 255 102 69 20 145 199 214 185 231 147 248 115 242 58 230 199 218 200 112 246 139 162 85 149 74 197 21 246 77 59 137 43 67 172 240 153 66 119 21 251 183 189 
178 167 244 157 238 198 228 171 109 160 74 179 253 47 190 195 78 243 152 85 61 84 229 140 114 67 225 41 219 164 15 201 160 151 73 173 8 70 213 215 45 40 235 72 26 252 29 21 122 211 
139 214 198 77 57 74 141 110 32 208 236 157 227 112 93 192 21 83 100 50 190 211 6 104 193 31 12 86 248 108 123 12 130 238 58 212 253 116 56 15 19 189 193 85 151 171 136 120 97 181 
140 102 129 168 24 62 38 202 54 95 30 205 64 200 250 123 120 134 77 16 198 234 77 119 18 233 212 228 174 27 92 232 64 4 186 164 214 187 197 207 117 144 16 206 122 209 208 102 226 228 
170 1 168 178 237 120 34 36 209 101 139 91 118 183 180 199 225 11 56 81 156 90 0 197 76 236 91 129 255 26 168 169 131 214 98 196 245 245 26 115 176 143 201 98 35 214 73 80 135 47 
102 5 33 36 132 193 44 156 193 222 60 208 67 183 139 150 251 18 112 33 236 46 6 7 173 145 80 208 187 50 13 76 98 87 13 210 190 102 234 17 202 211 230 102 3 125 58 5 19 189 
201 17 198 11 244 243 111 199 118 218 99 152 159 155 30 108 200 23 43 199 2 184 103 241 94 72 4 224 233 159 51 225 154 217 205 236 17 3 61 200 120 155 53 206 100 113 70 229 190 6 
201 4 40 148 192 237 225 195 46 87 209 41 204 92 99 42 47 29 235 53 39 201 116 143 85 123 83 124 173 254 155 135 247 205 136 21 219 195 175 39 95 234 10 63 131 68 166 209 45 123 
129 11 240 30 100 196 57 117 189 68 180 17 94 14 36 14 201 76 190 203 75 213 120 186 1 19 161 208 213 212 17 161 24 220 170 95 192 153 212 82 198 105 206 77 14 237 38 48 7 178 
108 204 45 48 175 2 75 72 161 90 55 48 211 217 80 106 173 80 19 105 114 81 159 218 99 107 195 192 65 18 75 220 167 180 159 5 60 211 35 234 14 245 226 3 249 12 127 11 62 69 
77 188 218 115 221 117 64 33 186 17 236 188 79 87 110 119 60 130 25 133 52 236 74 222 203 139 101 152 114 145 111 19 90 152 106 166 34 123 195 224 47 40 215 113 237 12 133 226 14 173 
21 14 245 60 88 4 226 10 74 88 176 183 183 84 156 148 0 133 67 175 36 158 31 85 154 247 198 45 233 39 250 163 159 93 10 183 31 89 149 55 221 236 190 220 83 223 237 164 234 41 
205 190 87 45 130 142 119 163 0 243 173 189 242 229 57 49 207 251 95 248 32 250 2 37 221 128 128 47 132 207 8 119 221 130 238 100 129 200 118 203 133 69 187 182 231 91 222 38 93 33 
201 171 216 219 253 128 1 213 242 138 205 159 169 36 222 178 44 92 176 248 227 60 50 116 127 217 76 199 134 204 55 212 156 134 201 96 198 110 81 157 13 239 13 194 44 194 58 28 255 41 
108 123 30 71 152 54 190 248 65 8 119 133 159 24 250 42 119 250 237 48 207 150 214 160 163 234 41 159 244 99 89 82 207 221 252 156 47 238 84 139 204 252 56 143 105 96 226 152 104 251 
70 223 14 201 65 37 246 104 193 113 143 149 105 75 146 21 137 110 248 50 238 169 123 109 198 190 15 124 120 126 70 224 191 81 199 0 247 93 53 183 44 245 84 254 92 103 123 237 183 142 
204 228 158 198 63 29 87 46 128 167 150 43 171 31 103 146 78 57 179 167 184 103 66 16 203 7 128 42 115 229 132 95 215 115 192 170 244 201 166 45 61 236 34 213 151 227 246 209 70 71 
56 156 97 29 217 176 88 183 126 44 31 103 244 57 253 54 225 103 168 215 208 209 63 206 143 224 56 180 53 11 248 218 128 73 84 55 50 137 249 43 134 224 187 250 220 51 45 103 241 230 
237 67 167 19 135 148 136 116 237 204 1 108 207 27 64 58 134 95 250 87 120 22 92 148 32 129 140 244 236 109 41 96 12 62 108 44 73 115 229 28 12 98 205 233 34 129 68 241 111 198 
216 188 173 52 176 229 25 36 44 240 69 170 194 4 163 63 67 232 162 193 3 219 133 210 224 214 198 10 216 228 78 228 237 242 155 63 210 196 138 64 187 92 126 215 180 73 243 185 171 8 
254 97 14 194 225 74 44 179 50 135 169 12 172 181 211 68 81 42 81 4 42 225 243 196 84 253 135 239 112 176 184 133 160 105 243 50 225 157 5 121 104 154 8 216 120 150 38 74 200 155 
145 136 67 76 205 87 173 178 11 92 19 223 146 75 102 112 18 86 167 126 70 189 64 32 200 84 236 180 2 141 189 173 155 26 191 21 5 142 13 112 3 180 242 28 115 187 75 183 212 217 
42 165 253 80 150 47 227 160 46 242 179 57 28 54 130 34 17 48 98 70 45 9 146 95 253 62 100 145 156 222 13 208 13 70 24 108 32 247 180 132 97 246 23 151 65 239 114 254 39 10 
110 100 0 67 228 182 217 37 186 102 252 106 77 213 219 253 76 36 215 128 215 83 5 111 206 106 9 8 33 11 62 29 140 25 5 114 175 147 164 154 99 193 76 80 157 12 23 33 186 233 
4 153 63 87 100 234 181 66 227 228 162 254 160 243 162 107 0 69 82 19 17 188 248 59 113 122 186 148 60 65 237 79 228 2 207 218 56 8 122 176 101 196 21 255 209 79 99 40 155 79 
240 193 184 49 130 200 147 77 235 85 219 161 204 118 113 232 180 11 146 217 195 42 71 215 76 46 201 185 83 159 243 185 93 191 204 125 74 21 76 118 227 124 247 31 83 136 17 138 203 32 
140 214 31 220 235 42 35 242 158 84 42 1 113 21 206 77 55 123 8 38 103 154 124 245 157 237 220 73 0 118 122 244 88 161 98 53 39 28 66 152 55 63 115 18 146 84 92 234 55 223 
