valgrind --tool=cachegrind ./Modificado
==1671== Cachegrind, a cache and branch-prediction profiler
==1671== Copyright (C) 2002-2017, and GNU GPL'd, by Nicholas Nethercote et al.
==1671== Using Valgrind-3.18.1 and LibVEX; rerun with -h for copyright info
==1671== Command: ./Modificado
==1671== 
--1671-- warning: L3 cache found, using its data for the LL simulation.
==1671== error calling PR_SET_PTRACER, vgdb might block

Ingrese el nombre de archivo: 
Sonidos2.txt
201 225 236 26 5 108 242 191 247 59 189 145 2 68 212 54 21 75 213 9 45 69 130 253 217 104 52 211 98 127 45 247 7 203 118 15 104 17 164 45 24 249 211 169 103 226 74 77 131 173 
158 147 249 101 82 45 104 128 73 240 246 206 137 153 80 187 235 85 109 231 125 160 49 147 224 128 6 203 42 160 88 180 43 188 108 125 94 93 201 120 96 12 217 101 62 245 156 235 115 205 
51 148 181 159 83 161 33 90 207 132 148 210 62 140 3 210 117 220 173 43 127 181 69 154 172 141 85 75 172 144 209 225 141 59 112 139 143 189 101 202 195 50 179 79 164 66 208 120 224 18 
114 193 51 89 54 72 150 216 154 48 216 106 65 149 154 110 48 27 246 4 50 244 138 115 173 179 38 22 44 128 254 78 117 168 160 248 64 11 112 108 189 179 217 215 173 57 233 142 238 116 
89 65 100 95 135 121 86 245 249 94 22 173 46 9 219 18 164 122 129 115 209 39 54 243 126 94 86 234 86 72 60 163 164 73 99 184 163 135 197 97 112 223 14 199 200 98 100 92 120 241 
233 170 92 214 229 17 220 233 217 98 26 66 146 170 42 116 173 240 22 213 68 12 25 140 225 113 52 215 104 13 231 148 66 25 77 75 32 109 36 133 22 230 253 46 182 7 250 236 25 155 
193 24 178 231 17 219 69 153 250 200 212 39 4 30 239 76 137 3 62 230 29 231 236 105 38 183 75 101 237 144 104 67 0 158 134 205 35 48 216 231 152 191 237 57 118 155 136 85 17 16 
101 77 104 54 208 125 99 159 179 171 107 177 120 193 100 255 117 218 38 251 139 110 103 36 125 244 254 161 223 212 5 182 142 250 209 127 73 223 165 250 188 46 90 33 236 142 72 73 96 90 
171 169 73 181 135 32 22 148 161 237 108 3 24 82 211 182 217 101 219 194 114 86 145 24 212 247 32 222 239 1 39 142 11 109 230 15 167 7 155 68 30 71 151 55 104 244 174 101 198 249 
184 208 41 106 7 87 182 225 237 180 3 205 140 72 182 85 229 185 70 65 169 197 51 10 144 49 139 102 53 28 19 101 205 35 255 37 46 197 12 150 175 16 155 99 84 102 34 147 72 155 
243 89 60 55 57 252 17 34 147 238 69 14 40 195 56 141 187 241 89 152 60 163 183 203 218 236 100 152 13 234 197 197 33 119 147 38 231 210 14 9 153 34 240 193 181 141 132 79 247 6 
51 19 240 41 133 34 103 163 225 205 229 113 227 54 166 250 201 217 156 184 253 214 119 206 157 169 214 43 226 82 241 224 189 230 115 126 116 203 120 254 174 7 76 16 234 60 38 22 226 203 
32 146 79 72 35 52 235 195 229 28 239 86 102 56 59 236 139 199 90 15 71 163 187 149 231 43 116 163 9 183 70 182 184 168 22 76 120 84 17 32 84 8 173 99 218 124 27 103 253 207 
204 58 211 249 198 89 210 198 46 54 90 134 202 181 57 198 1 21 226 194 134 242 72 2 95 105 232 127 154 197 251 8 73 14 73 27 218 209 234 158 248 82 48 94 111 69 136 120 102 9 
59 73 145 43 164 16 24 153 3 201 203 165 147 245 125 170 100 200 110 133 234 253 150 124 133 69 215 35 10 13 141 66 217 135 10 7 251 169 205 189 244 1 135 148 153 213 12 221 226 200 
176 194 186 31 82 83 79 243 81 178 38 207 156 239 198 44 206 23 162 89 161 32 85 255 87 235 20 31 112 92 60 121 152 132 95 221 251 194 159 188 232 42 179 80 38 57 189 59 151 15 
213 37 175 252 121 31 136 170 91 72 178 64 251 32 118 156 212 127 187 116 202 225 82 198 160 156 3 3 56 151 11 239 124 17 177 244 205 29 22 101 208 88 219 107 97 244 242 126 72 99 
228 2 70 105 224 199 2 78 68 187 155 183 115 10 212 21 23 207 13 210 39 60 60 117 211 65 152 170 196 74 158 158 109 214 41 27 37 59 218 135 58 110 235 60 202 95 2 188 225 38 
61 220 187 216 203 198 85 158 106 180 138 39 147 94 31 83 36 122 213 74 55 54 139 89 89 158 177 33 167 219 157 61 170 26 224 174 175 194 10 75 159 242 238 112 77 7 18 35 168 230 
164 216 203 33 132 214 127 250 42 0 142 240 233 62 29 227 221 231 23 100 50 41 108 222 126 4 114 180 210 190 202 234 7 234 27 77 145 25 222 63 3 7 208 135 111 224 209 116 108 157 
201 426 662 688 693 801 1043 1234 1481 1540 1729 1874 1876 1944 2156 2210 2231 2306 2519 2528 2573 2642 2772 3025 3242 3346 3398 3609 3707 3834 3879 4126 4133 4336 4454 4469 4573 4590 4754 4799 4823 5072 5283 5452 5555 5781 5855 5932 6063 6236 
158 305 554 655 737 782 886 1014 1087 1327 1573 1779 1916 2069 2149 2336 2571 2656 2765 2996 3121 3281 3330 3477 3701 3829 3835 4038 4080 4240 4328 4508 4551 4739 4847 4972 5066 5159 5360 5480 5576 5588 5805 5906 5968 6213 6369 6604 6719 6924 
51 199 380 539 622 783 816 906 1113 1245 1393 1603 1665 1805 1808 2018 2135 2355 2528 2571 2698 2879 2948 3102 3274 3415 3500 3575 3747 3891 4100 4325 4466 4525 4637 4776 4919 5108 5209 5411 5606 5656 5835 5914 6078 6144 6352 6472 6696 6714 
114 307 358 447 501 573 723 939 1093 1141 1357 1463 1528 1677 1831 1941 1989 2016 2262 2266 2316 2560 2698 2813 2986 3165 3203 3225 3269 3397 3651 3729 3846 4014 4174 4422 4486 4497 4609 4717 4906 5085 5302 5517 5690 5747 5980 6122 6360 6476 
89 154 254 349 484 605 691 936 1185 1279 1301 1474 1520 1529 1748 1766 1930 2052 2181 2296 2505 2544 2598 2841 2967 3061 3147 3381 3467 3539 3599 3762 3926 3999 4098 4282 4445 4580 4777 4874 4986 5209 5223 5422 5622 5720 5820 5912 6032 6273 
233 403 495 709 938 955 1175 1408 1625 1723 1749 1815 1961 2131 2173 2289 2462 2702 2724 2937 3005 3017 3042 3182 3407 3520 3572 3787 3891 3904 4135 4283 4349 4374 4451 4526 4558 4667 4703 4836 4858 5088 5341 5387 5569 5576 5826 6062 6087 6242 
193 217 395 626 643 862 931 1084 1334 1534 1746 1785 1789 1819 2058 2134 2271 2274 2336 2566 2595 2826 3062 3167 3205 3388 3463 3564 3801 3945 4049 4116 4116 4274 4408 4613 4648 4696 4912 5143 5295 5486 5723 5780 5898 6053 6189 6274 6291 6307 
101 178 282 336 544 669 768 927 1106 1277 1384 1561 1681 1874 1974 2229 2346 2564 2602 2853 2992 3102 3205 3241 3366 3610 3864 4025 4248 4460 4465 4647 4789 5039 5248 5375 5448 5671 5836 6086 6274 6320 6410 6443 6679 6821 6893 6966 7062 7152 
171 340 413 594 729 761 783 931 1092 1329 1437 1440 1464 1546 1757 1939 2156 2257 2476 2670 2784 2870 3015 3039 3251 3498 3530 3752 3991 3992 4031 4173 4184 4293 4523 4538 4705 4712 4867 4935 4965 5036 5187 5242 5346 5590 5764 5865 6063 6312 
184 392 433 539 546 633 815 1040 1277 1457 1460 1665 1805 1877 2059 2144 2373 2558 2628 2693 2862 3059 3110 3120 3264 3313 3452 3554 3607 3635 3654 3755 3960 3995 4250 4287 4333 4530 4542 4692 4867 4883 5038 5137 5221 5323 5357 5504 5576 5731 
243 332 392 447 504 756 773 807 954 1192 1261 1275 1315 1510 1566 1707 1894 2135 2224 2376 2436 2599 2782 2985 3203 3439 3539 3691 3704 3938 4135 4332 4365 4484 4631 4669 4900 5110 5124 5133 5286 5320 5560 5753 5934 6075 6207 6286 6533 6539 
51 70 310 351 484 518 621 784 1009 1214 1443 1556 1783 1837 2003 2253 2454 2671 2827 3011 3264 3478 3597 3803 3960 4129 4343 4386 4612 4694 4935 5159 5348 5578 5693 5819 5935 6138 6258 6512 6686 6693 6769 6785 7019 7079 7117 7139 7365 7568 
32 178 257 329 364 416 651 846 1075 1103 1342 1428 1530 1586 1645 1881 2020 2219 2309 2324 2395 2558 2745 2894 3125 3168 3284 3447 3456 3639 3709 3891 4075 4243 4265 4341 4461 4545 4562 4594 4678 4686 4859 4958 5176 5300 5327 5430 5683 5890 
204 262 473 722 920 1009 1219 1417 1463 1517 1607 1741 1943 2124 2181 2379 2380 2401 2627 2821 2955 3197 3269 3271 3366 3471 3703 3830 3984 4181 4432 4440 4513 4527 4600 4627 4845 5054 5288 5446 5694 5776 5824 5918 6029 6098 6234 6354 6456 6465 
59 132 277 320 484 500 524 677 680 881 1084 1249 1396 1641 1766 1936 2036 2236 2346 2479 2713 2966 3116 3240 3373 3442 3657 3692 3702 3715 3856 3922 4139 4274 4284 4291 4542 4711 4916 5105 5349 5350 5485 5633 5786 5999 6011 6232 6458 6658 
176 370 556 587 669 752 831 1074 1155 1333 1371 1578 1734 1973 2171 2215 2421 2444 2606 2695 2856 2888 2973 3228 3315 3550 3570 3601 3713 3805 3865 3986 4138 4270 4365 4586 4837 5031 5190 5378 5610 5652 5831 5911 5949 6006 6195 6254 6405 6420 
213 250 425 677 798 829 965 1135 1226 1298 1476 1540 1791 1823 1941 2097 2309 2436 2623 2739 2941 3166 3248 3446 3606 3762 3765 3768 3824 3975 3986 4225 4349 4366 4543 4787 4992 5021 5043 5144 5352 5440 5659 5766 5863 6107 6349 6475 6547 6646 
228 230 300 405 629 828 830 908 976 1163 1318 1501 1616 1626 1838 1859 1882 2089 2102 2312 2351 2411 2471 2588 2799 2864 3016 3186 3382 3456 3614 3772 3881 4095 4136 4163 4200 4259 4477 4612 4670 4780 5015 5075 5277 5372 5374 5562 5787 5825 
61 281 468 684 887 1085 1170 1328 1434 1614 1752 1791 1938 2032 2063 2146 2182 2304 2517 2591 2646 2700 2839 2928 3017 3175 3352 3385 3552 3771 3928 3989 4159 4185 4409 4583 4758 4952 4962 5037 5196 5438 5676 5788 5865 5872 5890 5925 6093 6323 
164 380 583 616 748 962 1089 1339 1381 1381 1523 1763 1996 2058 2087 2314 2535 2766 2789 2889 2939 2980 3088 3310 3436 3440 3554 3734 3944 4134 4336 4570 4577 4811 4838 4915 5060 5085 5307 5370 5373 5380 5588 5723 5834 6058 6267 6383 6491 6648 
La matriz tiene 1000 Elementos
Promedio: 3314.24 || Maximo:7568 || Minimo:32
Ingrese nombre del archivo a guardar 
salida.txt
==1671== 
==1671== I   refs:      6,242,746
==1671== I1  misses:        2,986
==1671== LLi misses:        2,752
==1671== I1  miss rate:      0.05%
==1671== LLi miss rate:      0.04%
==1671== 
==1671== D   refs:      2,559,581  (1,740,282 rd   + 819,299 wr)
==1671== D1  misses:       17,324  (   14,546 rd   +   2,778 wr)
==1671== LLd misses:        9,705  (    7,892 rd   +   1,813 wr)
==1671== D1  miss rate:       0.7% (      0.8%     +     0.3%  )
==1671== LLd miss rate:       0.4% (      0.5%     +     0.2%  )
==1671== 
==1671== LL refs:          20,310  (   17,532 rd   +   2,778 wr)
==1671== LL misses:        12,457  (   10,644 rd   +   1,813 wr)
==1671== LL miss rate:        0.1% (      0.1%     +     0.2%  )